0.971901 0.0280992 
0.970729 0.0292712 
0.989292 0.010708 
0.950571 0.0494292 
0.992849 0.00715148 
0.975591 0.0244094 
0.992676 0.0073242 
0.985417 0.0145828 
0.991234 0.00876621 
0.977295 0.0227048 
0.992983 0.00701691 
0.984734 0.0152665 
0.991724 0.00827619 
0.992401 0.00759915 
0.994266 0.00573352 
0.880541 0.119459 
0.992888 0.0071121 
0.984351 0.0156494 
0.971282 0.0287179 
0.939601 0.0603991 
0.984625 0.0153749 
0.971559 0.0284407 
0.9672 0.0328004 
0.990687 0.00931291 
0.99609 0.00390949 
0.980765 0.0192351 
0.994939 0.00506109 
0.986922 0.0130777 
0.984008 0.0159924 
0.978897 0.0211025 
0.99238 0.00762044 
0.279527 0.720473 
0.973968 0.0260321 
0.978889 0.0211109 
0.990586 0.00941362 
0.995754 0.00424578 
0.988369 0.0116313 
0.974925 0.0250755 
0.972877 0.0271228 
0.972043 0.0279573 
0.994049 0.00595079 
0.991375 0.00862469 
0.974009 0.025991 
0.988565 0.0114349 
0.874474 0.125526 
0.998092 0.00190813 
0.994747 0.00525306 
0.985924 0.0140764 
0.272073 0.727927 
0.995214 0.00478587 
0.987471 0.0125292 
0.962267 0.0377326 
0.961642 0.0383577 
0.993697 0.00630293 
0.973727 0.0262727 
0.987174 0.0128263 
0.969192 0.0308077 
0.947149 0.0528509 
0.979124 0.0208758 
0.93873 0.0612699 
0.974053 0.0259472 
0.990496 0.00950364 
0.943501 0.0564986 
0.943439 0.0565615 
0.969451 0.0305493 
0.991382 0.00861785 
0.866637 0.133363 
0.995902 0.00409783 
0.991729 0.00827069 
0.974393 0.025607 
0.973732 0.0262683 
0.988533 0.0114666 
0.969144 0.0308561 
0.99197 0.0080305 
0.983344 0.0166558 
0.996963 0.00303665 
0.989466 0.010534 
0.973133 0.0268668 
0.985942 0.0140584 
0.880656 0.119344 
0.935546 0.064454 
0.994883 0.00511663 
0.980006 0.0199943 
0.976636 0.0233644 
0.980405 0.0195947 
0.985376 0.0146235 
0.997954 0.00204648 
0.97918 0.0208204 
0.983676 0.016324 
0.984917 0.0150826 
0.286079 0.713921 
0.995812 0.00418746 
0.995721 0.0042789 
0.985413 0.0145871 
0.510876 0.489124 
0.979711 0.0202889 
0.263236 0.736764 
0.971449 0.0285508 
0.974776 0.0252244 
0.982726 0.0172737 
0.986577 0.0134233 
0.990301 0.00969883 
0.980812 0.019188 
0.995075 0.00492502 
0.941526 0.058474 
0.992792 0.00720791 
0.984543 0.015457 
0.994282 0.00571846 
0.982692 0.0173081 
0.979231 0.0207686 
0.983918 0.0160817 
0.981204 0.0187962 
0.992716 0.00728367 
0.966362 0.0336381 
0.974317 0.0256831 
0.989982 0.010018 
0.99423 0.00577035 
0.951713 0.0482872 
0.980425 0.0195748 
0.992939 0.00706112 
0.991065 0.00893458 
0.991437 0.00856296 
0.991673 0.00832683 
0.98268 0.0173196 
0.981564 0.0184362 
0.987542 0.0124579 
0.796471 0.203529 
0.991284 0.00871567 
0.976586 0.0234142 
0.941234 0.0587655 
0.265379 0.734621 
0.991793 0.00820707 
0.996551 0.00344909 
0.987059 0.0129413 
0.924161 0.0758391 
0.966145 0.0338549 
0.992033 0.00796674 
0.983704 0.0162964 
0.964537 0.0354627 
0.974548 0.0254517 
0.976356 0.0236442 
0.958496 0.0415038 
0.962936 0.0370636 
0.988837 0.0111632 
0.954641 0.0453593 
0.986243 0.0137572 
0.992383 0.00761658 
0.985218 0.0147815 
0.930256 0.0697443 
0.991819 0.0081809 
0.914321 0.0856787 
0.35816 0.64184 
0.957278 0.0427216 
0.99073 0.00927046 
0.958177 0.0418229 
0.986752 0.0132477 
0.957279 0.0427206 
0.98877 0.0112301 
0.988598 0.0114015 
0.949159 0.0508415 
0.993662 0.0063377 
0.99443 0.00557042 
0.983729 0.0162708 
0.98794 0.0120596 
0.973413 0.0265868 
0.978775 0.0212249 
0.96342 0.0365803 
0.983391 0.0166092 
0.985564 0.0144361 
0.993435 0.00656468 
0.995168 0.00483165 
0.988321 0.0116787 
0.990936 0.00906391 
0.989861 0.0101392 
0.292971 0.707029 
0.956891 0.043109 
0.989806 0.0101944 
0.972509 0.0274914 
0.996234 0.00376555 
0.993139 0.00686107 
0.991089 0.00891112 
0.992111 0.00788861 
0.983218 0.0167819 
0.990462 0.00953822 
0.875188 0.124812 
0.991343 0.00865646 
0.9863 0.0137 
0.992575 0.00742486 
0.994621 0.00537902 
0.984413 0.0155869 
0.976247 0.0237526 
0.922647 0.0773533 
0.9437 0.0562996 
0.992373 0.0076267 
0.985629 0.0143711 
0.956193 0.0438068 
0.887971 0.112029 
0.987814 0.0121862 
0.988384 0.0116156 
0.971612 0.0283883 
0.982505 0.017495 
0.970156 0.029844 
0.966667 0.0333333 
0.9912 0.00880013 
0.932752 0.0672481 
0.273382 0.726618 
0.869933 0.130067 
0.988214 0.0117856 
0.97707 0.0229299 
0.99228 0.00772051 
0.96659 0.0334102 
0.973303 0.0266965 
0.9929 0.0071004 
0.998685 0.00131505 
0.985035 0.0149653 
0.991523 0.0084772 
0.983239 0.0167613 
0.994066 0.00593438 
0.980368 0.0196324 
0.983463 0.0165369 
0.980375 0.019625 
0.985114 0.0148865 
0.975078 0.0249217 
0.989334 0.0106656 
0.98569 0.01431 
0.992686 0.00731373 
0.974047 0.0259526 
0.997329 0.00267132 
0.994449 0.00555116 
0.970514 0.0294856 
0.973078 0.0269221 
0.983075 0.0169248 
0.97099 0.0290101 
0.263987 0.736013 
0.995762 0.00423777 
0.978131 0.0218694 
0.974325 0.0256747 
0.995514 0.00448617 
0.986985 0.0130154 
0.985444 0.0145562 
0.996695 0.00330531 
0.989453 0.0105471 
0.980292 0.019708 
0.995482 0.00451768 
0.999066 0.000934158 
0.979732 0.020268 
0.997471 0.00252888 
0.998194 0.00180639 
0.976824 0.0231764 
0.977175 0.022825 
0.987517 0.0124832 
0.98245 0.0175495 
0.98364 0.0163605 
0.985972 0.0140279 
0.973026 0.0269745 
0.961086 0.0389137 
0.965437 0.0345629 
0.959318 0.0406818 
0.989212 0.0107885 
0.962306 0.0376944 
0.994528 0.00547163 
0.975753 0.0242465 
0.997321 0.00267858 
0.963096 0.0369038 
0.962097 0.0379031 
0.965318 0.0346823 
0.974596 0.0254039 
0.982779 0.0172209 
0.251805 0.748195 
0.993113 0.00688653 
0.985208 0.0147916 
0.986036 0.0139639 
0.977515 0.0224856 
0.990609 0.00939046 
0.988294 0.0117058 
0.956756 0.0432437 
0.997395 0.00260519 
0.977404 0.0225961 
0.982832 0.017168 
0.981433 0.0185669 
0.986308 0.0136918 
0.980389 0.0196109 
0.986796 0.0132042 
0.495868 0.504132 
0.875006 0.124994 
0.976103 0.0238973 
0.978341 0.0216593 
0.980736 0.0192644 
0.992184 0.00781629 
0.979183 0.0208174 
0.967521 0.0324795 
0.985949 0.0140507 
0.992673 0.00732748 
0.969795 0.0302051 
0.863188 0.136812 
0.991771 0.00822942 
0.975899 0.024101 
0.44742 0.55258 
0.985927 0.0140726 
0.976129 0.0238706 
0.987538 0.0124619 
0.957516 0.0424837 
0.977863 0.0221366 
0.971817 0.0281829 
0.962123 0.0378767 
0.951381 0.0486191 
0.991893 0.00810667 
0.937352 0.062648 
0.974003 0.0259972 
0.647691 0.352309 
0.982756 0.0172443 
0.986843 0.0131569 
0.982272 0.017728 
0.957262 0.0427378 
0.986558 0.0134417 
0.890379 0.109621 
0.986618 0.013382 
0.963355 0.0366452 
0.984919 0.0150813 
0.965469 0.0345312 
0.9939 0.00609969 
0.244663 0.755337 
0.965824 0.0341761 
0.935836 0.0641641 
0.993955 0.00604522 
0.282906 0.717094 
0.997917 0.00208307 
0.978071 0.0219293 
0.941933 0.0580672 
0.991744 0.00825651 
0.996071 0.0039291 
0.990227 0.0097734 
0.990193 0.00980677 
0.252965 0.747035 
0.982948 0.0170519 
0.970863 0.029137 
0.986275 0.0137245 
0.988455 0.0115451 
0.992929 0.00707138 
0.97598 0.0240197 
0.950007 0.0499925 
0.960565 0.0394347 
0.994772 0.00522779 
0.992296 0.00770403 
0.985181 0.0148192 
0.991566 0.00843421 
0.993321 0.00667932 
0.982771 0.0172291 
0.935561 0.0644386 
0.98845 0.01155 
0.984527 0.0154725 
0.989896 0.0101042 
0.993524 0.00647572 
0.983254 0.0167463 
0.988608 0.0113924 
0.958882 0.0411176 
0.976721 0.0232788 
0.988778 0.0112219 
0.978553 0.0214469 
0.955579 0.0444213 
0.290156 0.709844 
0.9423 0.0577004 
0.980606 0.0193938 
0.94191 0.0580902 
0.986097 0.0139033 
0.765255 0.234745 
0.98984 0.0101601 
0.98464 0.0153602 
0.97622 0.02378 
0.993763 0.0062373 
0.971038 0.028962 
0.973411 0.0265887 
0.975907 0.0240927 
0.99285 0.00715033 
0.99455 0.00544965 
0.929702 0.0702979 
0.846809 0.153191 
0.95339 0.0466099 
0.997107 0.002893 
0.941325 0.0586748 
0.985604 0.0143956 
0.968002 0.0319982 
0.978981 0.0210195 
0.995624 0.00437572 
0.983806 0.0161941 
0.973084 0.0269162 
0.976425 0.0235751 
0.987989 0.0120114 
0.981084 0.0189157 
0.993671 0.00632856 
0.948023 0.0519772 
0.977557 0.0224433 
0.865119 0.134881 
0.296386 0.703614 
0.991848 0.00815245 
0.995334 0.00466551 
0.967387 0.032613 
0.991996 0.00800351 
0.979324 0.0206762 
0.964165 0.0358354 
0.253172 0.746828 
0.98238 0.0176201 
0.988182 0.011818 
0.979088 0.0209118 
0.977265 0.0227348 
0.98749 0.0125104 
0.969516 0.0304841 
0.67659 0.32341 
0.985063 0.014937 
0.987276 0.0127243 
0.995727 0.00427271 
0.991372 0.00862826 
0.834892 0.165108 
0.980181 0.0198195 
0.994688 0.00531217 
0.934436 0.0655638 
0.990377 0.00962277 
0.99041 0.00958983 
0.988627 0.0113735 
0.98387 0.0161303 
0.958542 0.0414581 
0.986224 0.0137762 
0.99088 0.00912037 
0.988318 0.0116821 
0.990891 0.00910859 
0.981522 0.0184778 
0.981577 0.0184231 
0.995395 0.0046046 
0.984005 0.0159953 
0.959909 0.0400908 
0.967658 0.0323424 
0.979691 0.0203094 
0.985657 0.0143431 
0.993542 0.00645803 
0.986749 0.0132507 
0.982089 0.0179113 
0.993377 0.00662303 
0.958088 0.0419123 
0.985335 0.0146655 
0.989441 0.0105595 
0.98567 0.0143302 
0.986933 0.0130674 
0.995849 0.00415129 
0.982595 0.0174045 
0.995631 0.0043686 
0.854295 0.145705 
0.973315 0.026685 
0.963235 0.0367651 
0.98276 0.0172399 
0.963052 0.0369481 
0.941091 0.0589095 
0.96649 0.03351 
0.99418 0.00581983 
0.989034 0.0109663 
0.55697 0.44303 
0.980111 0.0198886 
0.979462 0.0205381 
0.964141 0.0358589 
0.969133 0.0308674 
0.95518 0.0448202 
0.968271 0.0317287 
0.985534 0.0144656 
0.990563 0.00943714 
0.991564 0.00843605 
0.249514 0.750486 
0.988834 0.0111665 
0.98934 0.0106601 
0.99685 0.00314989 
0.990516 0.00948388 
0.991142 0.0088584 
0.987936 0.0120644 
0.237221 0.762779 
0.974964 0.0250358 
0.994499 0.00550057 
0.985761 0.0142393 
0.978977 0.021023 
0.984692 0.0153082 
0.98189 0.0181097 
0.986388 0.0136122 
0.979677 0.0203226 
0.995466 0.00453393 
0.987076 0.0129242 
0.995785 0.00421514 
0.933916 0.0660836 
0.99523 0.00477018 
0.979562 0.0204378 
0.978608 0.0213922 
0.987216 0.0127835 
0.96986 0.0301405 
0.997147 0.00285289 
0.967894 0.0321063 
0.984021 0.0159785 
0.949894 0.0501056 
0.964632 0.035368 
0.99644 0.00355954 
0.992899 0.00710138 
0.982235 0.0177654 
0.991688 0.00831189 
0.976236 0.0237639 
0.883721 0.116279 
0.988929 0.0110715 
0.987159 0.0128413 
0.989351 0.0106491 
0.995462 0.00453839 
0.955938 0.0440623 
0.978628 0.0213719 
0.964333 0.0356674 
0.986736 0.0132638 
0.99189 0.0081103 
0.939299 0.0607008 
0.973318 0.0266818 
0.992118 0.00788222 
0.988148 0.0118519 
0.974258 0.0257422 
0.979662 0.0203377 
0.983992 0.0160083 
0.977833 0.0221671 
0.981428 0.0185724 
0.973623 0.0263772 
0.986856 0.0131438 
0.9798 0.0202001 
0.990451 0.00954938 
0.984028 0.0159717 
0.945028 0.0549719 
0.984687 0.0153131 
0.903005 0.0969953 
0.972698 0.0273024 
0.987924 0.0120758 
0.995839 0.0041607 
0.965333 0.0346672 
0.989868 0.0101321 
0.987697 0.0123029 
0.947244 0.0527561 
0.987162 0.0128385 
0.987932 0.0120676 
0.920894 0.0791064 
0.985399 0.0146008 
0.987351 0.0126491 
0.983927 0.0160734 
0.997016 0.00298408 
0.990377 0.00962337 
0.984368 0.0156324 
0.997449 0.00255048 
0.955634 0.0443661 
0.98577 0.0142301 
0.981014 0.018986 
0.993225 0.00677515 
0.986694 0.0133064 
0.994106 0.00589396 
0.975412 0.0245884 
0.967657 0.0323432 
0.991431 0.00856933 
0.992077 0.00792279 
0.985481 0.0145186 
0.991302 0.00869839 
0.971733 0.0282667 
0.99889 0.00111001 
0.988801 0.0111995 
0.994887 0.00511346 
0.290953 0.709047 
0.98636 0.0136405 
0.992781 0.00721868 
0.996786 0.00321384 
0.965525 0.0344749 
0.944899 0.0551006 
0.952302 0.0476978 
0.998087 0.00191266 
0.992594 0.0074058 
0.984592 0.0154078 
0.94725 0.0527503 
0.99329 0.0067105 
0.953468 0.046532 
0.997928 0.0020721 
0.949 0.0509995 
0.973121 0.0268796 
0.987698 0.0123021 
0.957031 0.0429694 
0.964527 0.0354725 
0.987305 0.0126945 
0.981477 0.0185234 
0.97517 0.0248304 
0.98708 0.0129202 
0.975401 0.0245994 
0.988876 0.0111236 
0.970112 0.0298875 
0.988798 0.011202 
0.966629 0.0333714 
0.979801 0.0201986 
0.957149 0.042851 
0.977708 0.022292 
0.982634 0.0173658 
0.987579 0.0124207 
0.982102 0.0178979 
0.988893 0.0111065 
0.963627 0.0363727 
0.996157 0.00384287 
0.91588 0.08412 
0.992033 0.00796722 
0.947749 0.052251 
0.994127 0.00587324 
0.969183 0.0308167 
0.988647 0.0113534 
0.977714 0.0222861 
0.636443 0.363557 
0.949999 0.0500014 
0.992506 0.00749414 
0.271879 0.728121 
0.98546 0.0145402 
0.976832 0.0231683 
0.258079 0.741921 
0.989546 0.0104541 
0.946301 0.0536987 
0.977159 0.0228413 
0.984754 0.0152464 
0.97361 0.02639 
0.824881 0.175119 
0.971995 0.0280051 
0.995635 0.00436533 
0.989547 0.010453 
0.957121 0.0428788 
0.96208 0.03792 
0.98917 0.01083 
0.981186 0.0188141 
0.988434 0.0115655 
0.977927 0.0220725 
0.979809 0.0201913 
0.984599 0.0154008 
0.995155 0.00484487 
0.99141 0.00858983 
0.917098 0.0829022 
0.969364 0.0306362 
0.97671 0.0232901 
0.992248 0.0077521 
0.991252 0.00874753 
0.99529 0.00470963 
0.98631 0.0136904 
0.99652 0.0034803 
0.982547 0.0174526 
0.989761 0.0102394 
0.97184 0.0281602 
0.997745 0.0022552 
0.962534 0.0374656 
0.995929 0.00407092 
0.96885 0.0311502 
0.981674 0.018326 
0.960116 0.0398844 
0.95648 0.0435199 
0.991078 0.00892231 
0.942287 0.0577134 
0.957714 0.0422859 
0.997679 0.00232075 
0.799084 0.200916 
0.99028 0.00971958 
0.989344 0.0106565 
0.992113 0.00788691 
0.992426 0.00757416 
0.981127 0.0188726 
0.994766 0.00523443 
0.259717 0.740283 
0.942153 0.057847 
0.986009 0.0139908 
0.969772 0.0302279 
0.990085 0.00991456 
0.971252 0.0287481 
0.993714 0.00628566 
0.982574 0.0174256 
0.983464 0.0165356 
0.975701 0.0242987 
0.98791 0.0120898 
0.259711 0.740289 
0.878932 0.121068 
0.993051 0.00694907 
0.985313 0.0146875 
0.973626 0.0263737 
0.984836 0.0151637 
0.992159 0.00784054 
0.995563 0.00443671 
0.984262 0.0157384 
0.998596 0.00140409 
0.975987 0.0240132 
0.984692 0.0153077 
0.986 0.0140003 
0.914647 0.0853534 
0.989406 0.0105938 
0.948392 0.0516084 
0.938578 0.0614221 
0.963989 0.0360115 
0.99199 0.00800965 
0.953966 0.0460344 
0.984479 0.0155205 
0.965968 0.0340318 
0.985159 0.0148411 
0.991718 0.00828196 
0.253359 0.746641 
0.99377 0.00622952 
0.974685 0.0253153 
0.964971 0.035029 
0.959455 0.0405453 
0.993392 0.00660774 
0.985695 0.0143046 
0.978015 0.0219846 
0.506971 0.493029 
0.942899 0.0571007 
0.99116 0.00884038 
0.954202 0.045798 
0.973279 0.0267214 
0.894249 0.105751 
0.965075 0.0349254 
0.983113 0.016887 
0.965523 0.0344766 
0.956962 0.0430384 
0.990811 0.00918869 
0.974431 0.0255686 
0.994427 0.0055726 
0.972087 0.0279126 
0.99291 0.00708953 
0.973762 0.0262375 
0.996831 0.00316938 
0.983956 0.0160441 
0.991593 0.00840716 
0.987833 0.0121666 
0.981776 0.0182243 
0.967618 0.0323818 
0.956177 0.0438233 
0.98306 0.0169403 
0.989283 0.0107171 
0.994885 0.00511464 
0.991058 0.0089416 
0.987719 0.0122813 
0.971073 0.0289268 
0.976856 0.0231441 
0.956532 0.0434682 
0.995026 0.00497418 
0.978115 0.0218848 
0.987369 0.0126311 
0.928385 0.0716151 
0.983948 0.016052 
0.998089 0.00191076 
0.264012 0.735988 
0.978459 0.0215412 
0.988622 0.0113777 
0.983783 0.0162169 
0.988086 0.0119138 
0.984238 0.0157616 
0.984028 0.0159725 
0.252034 0.747966 
0.983845 0.0161555 
0.973283 0.0267169 
0.979162 0.0208378 
0.987086 0.0129136 
0.981369 0.0186315 
0.981411 0.018589 
0.969008 0.0309918 
0.979921 0.0200793 
0.981607 0.0183928 
0.978101 0.0218989 
0.96071 0.0392898 
0.968265 0.0317346 
0.98134 0.01866 
0.954897 0.0451031 
0.985735 0.0142646 
0.994038 0.00596192 
0.99338 0.00662025 
0.985871 0.0141288 
0.975423 0.0245772 
0.994561 0.00543888 
0.99417 0.00582994 
0.958167 0.0418334 
0.973552 0.026448 
0.935774 0.0642257 
0.97628 0.0237195 
0.973122 0.0268779 
0.983889 0.0161109 
0.980197 0.0198035 
0.991215 0.00878499 
0.989855 0.0101451 
0.972845 0.0271548 
0.99614 0.00386028 
0.988409 0.0115915 
0.987916 0.0120836 
0.977276 0.0227237 
0.990931 0.00906883 
0.995628 0.00437234 
0.981956 0.0180437 
0.975623 0.0243769 
0.992119 0.00788138 
0.952641 0.0473587 
0.994748 0.00525227 
0.995257 0.00474287 
0.99428 0.00571969 
0.98646 0.0135399 
0.973009 0.0269905 
0.979268 0.0207317 
0.959707 0.040293 
0.995828 0.00417167 
0.974778 0.0252221 
0.853704 0.146296 
0.966836 0.0331637 
0.995298 0.00470232 
0.991365 0.00863462 
0.97735 0.0226503 
0.973627 0.0263734 
0.98159 0.0184096 
0.965348 0.0346523 
0.988402 0.0115982 
0.984422 0.0155779 
0.918809 0.0811909 
0.973664 0.0263361 
0.981655 0.0183446 
0.961879 0.0381214 
0.979368 0.0206318 
0.896437 0.103563 
0.993077 0.00692322 
0.876739 0.123261 
0.982411 0.0175892 
0.994295 0.00570533 
0.992042 0.0079583 
0.972273 0.0277274 
0.987723 0.0122773 
0.990369 0.00963085 
0.969655 0.0303452 
0.988231 0.0117689 
0.977751 0.0222494 
0.783393 0.216607 
0.996009 0.0039909 
0.95794 0.04206 
0.951082 0.048918 
0.973116 0.0268837 
0.276538 0.723462 
0.985367 0.0146326 
0.996089 0.0039106 
0.995213 0.00478664 
0.980085 0.0199152 
0.964913 0.0350874 
0.989243 0.0107571 
0.991966 0.00803356 
0.996444 0.00355585 
0.966923 0.0330774 
0.986243 0.0137566 
0.980216 0.0197841 
0.980417 0.019583 
0.986434 0.0135665 
0.95819 0.0418099 
0.977151 0.0228491 
0.328711 0.671289 
0.993317 0.00668296 
0.979845 0.0201552 
0.988596 0.0114035 
0.980926 0.0190738 
0.980407 0.0195931 
0.991961 0.00803914 
0.972021 0.027979 
0.962401 0.0375989 
0.959943 0.0400573 
0.274953 0.725047 
0.99179 0.00820955 
0.712576 0.287424 
0.975371 0.0246291 
0.993523 0.00647662 
0.992567 0.00743305 
0.985433 0.0145675 
0.984736 0.0152641 
0.970834 0.0291665 
0.972931 0.0270692 
0.990738 0.00926159 
0.968861 0.0311393 
0.986824 0.0131763 
0.98503 0.0149696 
0.990323 0.00967689 
0.983606 0.0163937 
0.992741 0.00725847 
0.970319 0.0296807 
0.962323 0.0376766 
0.984037 0.0159631 
0.934728 0.0652724 
0.985464 0.0145364 
0.280691 0.719309 
0.978576 0.0214245 
0.990835 0.00916505 
0.979673 0.0203267 
0.987692 0.0123083 
0.985313 0.0146873 
0.984191 0.0158087 
0.981064 0.0189358 
0.989026 0.0109744 
0.979715 0.0202853 
0.974872 0.0251279 
0.982522 0.0174784 
0.973047 0.0269525 
0.980785 0.0192147 
0.997156 0.00284413 
0.924293 0.0757073 
0.992566 0.00743431 
0.990624 0.00937562 
0.981568 0.0184317 
0.996383 0.00361651 
0.950599 0.0494011 
0.33541 0.66459 
0.991487 0.00851261 
0.960925 0.0390755 
0.993165 0.00683481 
0.991846 0.00815432 
0.970152 0.0298481 
0.984041 0.0159588 
0.260361 0.739639 
0.969337 0.0306635 
0.27475 0.72525 
0.96908 0.0309203 
0.99023 0.00977049 
0.989247 0.0107526 
0.985022 0.0149775 
0.984879 0.0151207 
0.99078 0.00921973 
0.933652 0.0663477 
0.983527 0.0164728 
0.991809 0.00819101 
0.988585 0.0114149 
0.261835 0.738165 
0.969007 0.0309926 
0.951598 0.0484016 
0.957064 0.0429361 
0.968285 0.0317148 
0.982903 0.0170974 
0.987419 0.0125812 
0.99161 0.00839008 
0.985483 0.0145167 
0.98428 0.0157204 
0.971579 0.0284209 
0.978238 0.021762 
0.260205 0.739795 
0.990689 0.00931089 
0.969173 0.0308265 
0.993867 0.00613335 
0.988215 0.011785 
0.988811 0.011189 
0.966948 0.0330519 
0.982629 0.0173713 
0.974119 0.0258813 
0.966357 0.0336429 
0.99383 0.00616984 
0.990605 0.0093946 
0.990111 0.00988895 
0.970816 0.0291837 
0.970921 0.0290789 
0.984989 0.0150108 
0.9942 0.00579997 
0.984216 0.0157841 
0.994526 0.00547417 
0.97965 0.0203496 
0.251936 0.748064 
0.995109 0.00489099 
0.958654 0.0413458 
0.982813 0.0171865 
0.944907 0.0550926 
0.95429 0.0457096 
0.977649 0.0223508 
0.991625 0.00837515 
0.992722 0.0072778 
0.969516 0.0304835 
0.995372 0.00462821 
0.992507 0.00749275 
0.977416 0.0225837 
0.968612 0.0313878 
0.954116 0.0458844 
0.983197 0.0168029 
0.983748 0.0162523 
0.977671 0.0223294 
0.987932 0.012068 
0.991904 0.00809614 
0.97111 0.0288902 
0.992542 0.00745789 
0.996425 0.0035753 
0.992825 0.00717494 
0.9846 0.0154001 
0.987697 0.0123033 
0.976577 0.0234229 
0.988668 0.0113323 
0.990182 0.00981819 
0.895834 0.104166 
0.986331 0.0136686 
0.97901 0.0209898 
0.994116 0.00588422 
0.989246 0.0107536 
0.962889 0.037111 
0.975565 0.024435 
0.978208 0.0217923 
0.980789 0.0192107 
0.936219 0.0637809 
0.974496 0.0255044 
0.980341 0.0196593 
0.975008 0.0249923 
0.912735 0.0872653 
0.966028 0.0339719 
0.998493 0.00150666 
0.959603 0.0403972 
0.964352 0.035648 
0.977224 0.0227757 
0.264139 0.735861 
0.980584 0.0194158 
0.969684 0.030316 
0.980576 0.0194238 
0.98284 0.0171604 
0.992024 0.00797643 
0.902941 0.0970589 
0.986245 0.0137554 
0.985914 0.0140857 
0.986062 0.0139377 
0.998738 0.00126229 
0.981804 0.0181957 
0.969492 0.0305081 
0.983714 0.0162856 
0.985907 0.0140927 
0.990771 0.00922925 
0.985519 0.0144808 
0.972867 0.0271326 
0.971792 0.0282083 
0.985415 0.0145846 
0.97287 0.0271296 
0.986962 0.0130378 
0.832742 0.167258 
0.954908 0.0450918 
0.994171 0.0058285 
0.983045 0.0169548 
0.990062 0.00993829 
0.977745 0.0222546 
0.988095 0.0119052 
0.962299 0.0377008 
0.989711 0.0102891 
0.958133 0.041867 
0.987604 0.0123962 
0.995734 0.00426633 
0.983993 0.0160074 
0.996168 0.00383197 
0.288737 0.711263 
0.971764 0.0282358 
0.989716 0.0102837 
0.991319 0.00868125 
0.987219 0.0127807 
0.986309 0.013691 
0.992781 0.00721924 
0.956778 0.0432225 
0.987571 0.0124291 
0.981505 0.0184947 
0.988766 0.0112335 
0.991161 0.00883911 
0.98616 0.0138397 
0.929868 0.0701318 
0.99437 0.00563027 
0.994428 0.00557171 
0.989949 0.0100508 
0.995341 0.00465942 
0.992291 0.00770946 
0.991168 0.00883225 
0.270585 0.729415 
0.968329 0.0316707 
0.990574 0.00942603 
0.992624 0.00737584 
0.950326 0.0496739 
0.987803 0.0121974 
0.991643 0.00835699 
0.994013 0.00598735 
0.9586 0.0414002 
0.891677 0.108323 
0.967051 0.0329491 
0.985014 0.0149859 
0.955787 0.0442134 
0.979696 0.0203039 
0.914349 0.0856511 
0.991733 0.00826718 
0.960669 0.0393306 
0.99322 0.0067799 
0.984037 0.0159631 
0.985498 0.0145025 
0.982425 0.0175747 
0.973336 0.0266636 
0.994266 0.0057339 
0.945091 0.0549092 
0.950461 0.0495392 
0.997256 0.00274383 
0.974 0.026 
0.967589 0.0324113 
0.968025 0.0319749 
0.993616 0.00638433 
0.979248 0.0207518 
0.857344 0.142656 
0.994709 0.0052907 
0.986291 0.0137087 
0.963678 0.0363221 
0.993229 0.00677056 
0.274839 0.725161 
0.942123 0.0578769 
0.940872 0.0591277 
0.988354 0.0116463 
0.970247 0.0297526 
0.975069 0.0249309 
0.976008 0.0239917 
0.995047 0.00495267 
0.943637 0.0563632 
0.986355 0.0136445 
0.983733 0.0162671 
0.966314 0.0336859 
0.996186 0.0038138 
0.933912 0.066088 
0.985163 0.0148367 
0.979382 0.0206177 
0.978345 0.0216551 
0.982577 0.017423 
0.997964 0.00203626 
0.976826 0.0231741 
0.90333 0.0966699 
0.988456 0.0115443 
0.990608 0.00939218 
0.49079 0.50921 
0.987365 0.0126348 
0.962623 0.0373769 
0.99584 0.00416024 
0.966342 0.0336585 
0.890214 0.109786 
0.974659 0.0253408 
0.270541 0.729459 
0.945204 0.0547961 
0.965111 0.0348886 
0.953303 0.0466972 
0.975153 0.0248469 
0.994848 0.005152 
0.975101 0.0248987 
0.991056 0.0089437 
0.968081 0.0319188 
0.982557 0.0174426 
0.97952 0.0204802 
0.984139 0.0158606 
0.975575 0.0244251 
0.896735 0.103265 
0.954196 0.0458044 
0.991503 0.0084967 
0.972521 0.0274786 
0.969966 0.0300337 
0.974995 0.0250049 
0.27978 0.72022 
0.988953 0.0110465 
0.983508 0.016492 
0.983793 0.0162072 
0.993505 0.00649525 
0.990069 0.00993064 
0.970247 0.0297529 
0.993986 0.00601391 
0.991052 0.00894845 
0.996902 0.00309846 
0.885172 0.114828 
0.975514 0.0244859 
0.991099 0.00890084 
0.980688 0.0193124 
0.995242 0.00475805 
0.976903 0.0230972 
0.9858 0.0142004 
0.995283 0.00471656 
0.99774 0.00225986 
0.986177 0.0138229 
0.291776 0.708224 
0.759469 0.240531 
0.994217 0.00578283 
0.937288 0.0627117 
0.972104 0.0278958 
0.993123 0.00687726 
0.977514 0.0224863 
0.897304 0.102696 
0.981223 0.0187769 
0.992859 0.00714067 
0.992753 0.0072474 
0.996922 0.00307779 
0.966376 0.0336238 
0.750881 0.249118 
0.962845 0.0371552 
0.985114 0.0148863 
0.946425 0.0535746 
0.990379 0.00962138 
0.966784 0.0332161 
0.989095 0.0109049 
0.984138 0.0158621 
0.984067 0.0159328 
0.991678 0.00832174 
0.987042 0.0129578 
0.977269 0.0227309 
0.970445 0.0295554 
0.987501 0.0124991 
0.908737 0.0912634 
0.992062 0.00793843 
0.993216 0.00678406 
0.987543 0.0124573 
0.983801 0.0161994 
0.985153 0.0148468 
0.991147 0.00885298 
0.944608 0.0553917 
0.993309 0.00669081 
0.951569 0.0484312 
0.995769 0.00423114 
0.987009 0.0129912 
0.962656 0.0373442 
0.990236 0.00976349 
0.991629 0.00837132 
0.981954 0.0180465 
0.975882 0.0241177 
0.891598 0.108402 
0.970723 0.0292774 
0.992162 0.00783813 
0.93569 0.0643095 
0.981142 0.0188575 
0.986855 0.0131446 
0.984369 0.0156315 
0.993897 0.00610274 
0.986747 0.0132531 
0.97409 0.0259104 
0.986652 0.0133476 
0.486778 0.513222 
0.976135 0.0238652 
0.91346 0.0865401 
0.960787 0.0392135 
0.974218 0.0257817 
0.958125 0.0418747 
0.98274 0.0172602 
0.985933 0.0140668 
0.981441 0.0185585 
0.993068 0.00693241 
0.244884 0.755116 
0.252096 0.747904 
0.979004 0.0209957 
0.961232 0.0387681 
0.992418 0.0075817 
0.936868 0.0631317 
0.993551 0.00644864 
0.992455 0.00754465 
0.955214 0.0447858 
0.986098 0.0139016 
0.984327 0.0156731 
0.993787 0.00621271 
0.876789 0.123211 
0.988783 0.011217 
0.981388 0.0186121 
0.986372 0.0136284 
0.968383 0.0316169 
0.967904 0.0320962 
0.965326 0.0346743 
0.992797 0.0072034 
0.951377 0.0486226 
0.28162 0.718379 
0.957653 0.042347 
0.997018 0.00298196 
0.990874 0.00912635 
0.983226 0.0167743 
0.976787 0.0232134 
0.986781 0.0132193 
0.959234 0.0407656 
0.950079 0.0499212 
0.980196 0.0198039 
0.990347 0.0096527 
0.988725 0.0112751 
0.991431 0.0085694 
0.985826 0.0141735 
0.964772 0.0352279 
0.985074 0.0149262 
0.991857 0.00814317 
0.250314 0.749686 
0.993527 0.00647318 
0.977399 0.0226011 
0.915484 0.0845162 
0.26488 0.73512 
0.987681 0.0123187 
0.951566 0.0484336 
0.990769 0.00923089 
0.996336 0.00366374 
0.989957 0.0100427 
0.9527 0.0473001 
0.981396 0.0186041 
0.989371 0.0106287 
0.856962 0.143038 
0.974809 0.0251907 
0.966882 0.0331179 
0.983401 0.016599 
0.959729 0.0402705 
0.970353 0.0296467 
0.972619 0.0273806 
0.975217 0.024783 
0.887225 0.112775 
0.987831 0.0121688 
0.993054 0.00694621 
0.955262 0.0447385 
0.936162 0.0638378 
0.25611 0.74389 
0.989666 0.010334 
0.968665 0.031335 
0.992689 0.00731129 
0.989889 0.0101108 
0.986006 0.0139936 
0.959367 0.0406328 
0.976978 0.0230215 
0.980484 0.019516 
0.978415 0.0215853 
0.978064 0.0219363 
0.982874 0.0171259 
0.988432 0.0115682 
0.984205 0.0157953 
0.981886 0.0181142 
0.996808 0.0031921 
0.756506 0.243494 
0.948777 0.0512233 
0.907108 0.0928916 
0.95714 0.0428597 
0.974403 0.025597 
0.994996 0.00500381 
0.987157 0.0128433 
0.987151 0.012849 
0.94885 0.0511497 
0.994221 0.00577927 
0.970998 0.0290019 
0.919117 0.0808826 
0.996738 0.00326175 
0.98406 0.01594 
0.990093 0.00990668 
0.958998 0.0410021 
0.987652 0.0123476 
0.993356 0.00664379 
0.982167 0.0178333 
0.910541 0.0894585 
0.986519 0.0134812 
0.988638 0.0113617 
0.993195 0.00680471 
0.985823 0.0141772 
0.980586 0.0194142 
0.953575 0.0464249 
0.97883 0.0211696 
0.908415 0.0915849 
0.958172 0.0418282 
0.981536 0.018464 
0.998237 0.00176276 
0.994866 0.00513414 
0.958818 0.0411819 
0.379127 0.620873 
0.997574 0.00242645 
0.987142 0.0128577 
0.98763 0.0123699 
0.939024 0.0609757 
0.989914 0.0100863 
0.989367 0.0106333 
0.975581 0.0244195 
0.963861 0.0361388 
0.988556 0.0114445 
0.976244 0.0237558 
0.994035 0.00596447 
0.973788 0.026212 
0.988293 0.0117071 
0.986691 0.0133088 
0.967865 0.0321353 
0.982011 0.0179889 
0.991049 0.00895137 
0.99166 0.00833993 
0.977816 0.0221844 
0.986839 0.0131612 
0.926972 0.0730284 
0.991646 0.00835379 
0.991617 0.00838317 
0.988238 0.0117615 
0.978103 0.0218976 
0.980679 0.0193212 
0.983284 0.0167159 
0.983841 0.0161592 
0.954314 0.0456862 
0.98874 0.0112603 
0.994482 0.00551825 
0.982496 0.0175044 
0.979127 0.0208733 
0.994789 0.00521087 
0.940677 0.0593226 
0.278002 0.721998 
0.98011 0.0198899 
0.995598 0.00440213 
0.97713 0.0228703 
0.995507 0.00449266 
0.991973 0.00802732 
0.992793 0.00720726 
0.988331 0.0116687 
0.973966 0.0260344 
0.997604 0.00239598 
0.971986 0.0280141 
0.985341 0.0146589 
0.980864 0.0191361 
0.989125 0.0108748 
0.984983 0.0150173 
0.961561 0.0384386 
0.995382 0.00461847 
0.288914 0.711086 
0.92572 0.0742797 
0.991577 0.00842265 
0.997537 0.00246332 
0.952709 0.0472915 
0.934933 0.0650668 
0.970841 0.0291588 
0.385178 0.614822 
0.976442 0.0235577 
0.992033 0.00796707 
0.995131 0.00486937 
0.28144 0.71856 
0.992041 0.00795907 
0.981482 0.0185176 
0.981534 0.0184661 
0.94296 0.0570401 
0.282049 0.717951 
0.284063 0.715937 
0.980822 0.0191776 
0.271979 0.728021 
0.987377 0.0126232 
0.278619 0.721381 
0.990344 0.00965565 
0.982802 0.0171976 
0.964048 0.0359515 
0.980694 0.0193062 
0.968178 0.0318217 
0.944475 0.0555254 
0.996201 0.00379886 
0.983784 0.0162164 
0.9935 0.00649972 
0.948201 0.0517994 
0.994099 0.00590064 
0.988336 0.0116641 
0.250639 0.749361 
0.995632 0.00436845 
0.972261 0.0277394 
0.984158 0.0158423 
0.986316 0.0136839 
0.956322 0.0436778 
0.979628 0.0203723 
0.99595 0.00404988 
0.988697 0.0113031 
0.98968 0.0103201 
0.955312 0.0446881 
0.987348 0.0126518 
0.991591 0.00840891 
0.993505 0.00649525 
0.974097 0.0259026 
0.984841 0.0151588 
0.991723 0.00827691 
0.983455 0.0165452 
0.95572 0.0442797 
0.993719 0.0062814 
0.985278 0.0147216 
0.965825 0.0341753 
0.98629 0.0137101 
0.983088 0.016912 
0.968218 0.0317819 
0.975712 0.0242878 
0.274289 0.725711 
0.786972 0.213028 
0.97375 0.0262502 
0.993822 0.00617753 
0.325959 0.674041 
0.996356 0.0036445 
0.990605 0.00939545 
0.971929 0.0280712 
0.975941 0.0240589 
0.989785 0.0102153 
0.979287 0.0207126 
0.96879 0.0312098 
0.990453 0.0095475 
0.991662 0.00833777 
0.958156 0.0418441 
0.993769 0.00623131 
0.978669 0.0213313 
0.990316 0.00968378 
0.974064 0.0259361 
0.987885 0.0121149 
0.99397 0.00602997 
0.939153 0.060847 
0.983198 0.0168021 
0.991374 0.00862622 
0.971257 0.0287427 
0.992406 0.00759372 
0.990969 0.00903069 
0.966969 0.0330308 
0.980713 0.0192873 
0.987023 0.0129773 
0.993875 0.00612489 
0.981686 0.0183136 
0.955894 0.0441061 
0.956451 0.0435494 
0.985987 0.0140126 
0.973094 0.0269058 
0.966914 0.0330858 
0.975803 0.0241972 
0.980415 0.0195853 
0.950183 0.0498174 
0.982141 0.0178588 
0.936532 0.0634682 
0.990778 0.00922163 
0.985455 0.0145447 
0.992992 0.00700792 
0.993415 0.00658534 
0.971067 0.028933 
0.966221 0.0337789 
0.991685 0.00831539 
0.976055 0.0239455 
0.985603 0.014397 
0.988209 0.0117905 
0.990257 0.00974326 
0.974436 0.025564 
0.991378 0.00862177 
0.960832 0.0391676 
0.991785 0.00821536 
0.975447 0.0245526 
0.991623 0.00837713 
0.987638 0.0123617 
0.951159 0.0488413 
0.978734 0.021266 
0.983705 0.0162952 
0.994815 0.00518455 
0.986366 0.0136345 
0.978243 0.0217573 
0.973749 0.0262512 
0.821957 0.178043 
0.982389 0.0176106 
0.860717 0.139283 
0.988399 0.0116012 
0.994883 0.0051171 
0.994744 0.00525589 
0.228649 0.771351 
0.261228 0.738772 
0.991589 0.00841138 
0.957399 0.0426008 
0.991255 0.00874538 
0.995552 0.0044485 
0.963111 0.0368888 
0.990061 0.0099391 
0.97428 0.0257196 
0.990168 0.00983196 
0.985668 0.0143318 
0.983436 0.016564 
0.961722 0.0382777 
0.983116 0.0168842 
0.97918 0.02082 
0.990693 0.00930736 
0.9913 0.00870019 
0.989245 0.0107549 
0.989472 0.0105279 
0.998402 0.00159803 
0.99368 0.0063202 
0.967746 0.0322544 
0.933337 0.0666632 
0.989032 0.0109676 
0.987229 0.0127712 
0.966909 0.0330913 
0.976125 0.0238753 
0.986844 0.0131559 
0.991559 0.00844146 
0.936447 0.0635534 
0.975114 0.024886 
0.962462 0.0375384 
0.991349 0.00865133 
0.957179 0.042821 
0.975077 0.0249228 
0.991694 0.00830575 
0.991517 0.00848295 
0.976827 0.023173 
0.823899 0.176101 
0.948523 0.0514769 
0.969916 0.0300841 
0.920929 0.0790711 
0.974581 0.025419 
0.99501 0.0049898 
0.986031 0.0139688 
0.974218 0.025782 
0.971329 0.0286707 
0.996903 0.00309676 
0.983224 0.0167756 
0.983546 0.0164541 
0.97767 0.02233 
0.967288 0.0327117 
0.971859 0.0281415 
0.941005 0.0589953 
0.267595 0.732405 
0.954101 0.0458991 
0.979075 0.0209253 
0.979342 0.020658 
0.993901 0.00609918 
0.98696 0.0130404 
0.968273 0.031727 
0.964788 0.0352123 
0.989287 0.010713 
0.977367 0.0226326 
0.976958 0.0230422 
0.984905 0.0150948 
0.978091 0.0219087 
0.984506 0.0154937 
0.250039 0.749961 
0.975544 0.0244556 
0.966185 0.0338149 
0.953666 0.0463343 
0.978912 0.0210875 
0.416695 0.583305 
0.985675 0.0143252 
0.995147 0.00485262 
0.951337 0.0486634 
0.996433 0.00356748 
0.989528 0.0104722 
0.991589 0.00841112 
0.990718 0.00928212 
0.958155 0.0418445 
0.994371 0.00562882 
0.997839 0.00216094 
0.9843 0.0156997 
0.986166 0.0138342 
0.988087 0.0119126 
0.995671 0.0043293 
0.968385 0.031615 
0.990035 0.00996528 
0.984229 0.0157706 
0.905876 0.0941239 
0.967913 0.032087 
0.968041 0.0319591 
0.994848 0.00515238 
0.993947 0.00605329 
0.99544 0.00455991 
0.989419 0.010581 
0.989769 0.010231 
0.967652 0.0323482 
0.99195 0.0080503 
0.981957 0.0180434 
0.989195 0.0108052 
0.989753 0.0102474 
0.992605 0.00739481 
0.992292 0.00770793 
0.979716 0.0202841 
0.952092 0.0479081 
0.971807 0.028193 
0.995552 0.00444779 
0.98815 0.0118503 
0.992924 0.00707642 
0.913442 0.086558 
0.970091 0.0299087 
0.995217 0.00478289 
0.980259 0.0197408 
0.994002 0.00599844 
0.994317 0.00568267 
0.991486 0.00851418 
0.992558 0.00744168 
0.995313 0.00468663 
0.935047 0.0649527 
0.961259 0.0387406 
0.983272 0.0167279 
0.979751 0.0202486 
0.990569 0.00943099 
0.988551 0.0114492 
0.98061 0.0193904 
0.994592 0.00540755 
0.985676 0.0143242 
0.981246 0.0187544 
0.935824 0.0641756 
0.964593 0.0354066 
0.967884 0.0321164 
0.992842 0.00715776 
0.965438 0.0345622 
0.988644 0.0113564 
0.975623 0.0243774 
0.976047 0.0239533 
0.98941 0.0105898 
0.88332 0.11668 
0.995554 0.0044461 
0.990409 0.00959116 
0.995317 0.00468318 
0.268998 0.731002 
0.963903 0.0360966 
0.972096 0.0279043 
0.944144 0.0558562 
0.984679 0.0153211 
0.989037 0.0109632 
0.986149 0.0138509 
0.296169 0.703831 
0.995679 0.00432077 
0.989379 0.0106207 
0.99402 0.00598026 
0.981986 0.018014 
0.99644 0.00355958 
0.974961 0.025039 
0.969186 0.0308141 
0.98674 0.0132601 
0.989174 0.0108261 
0.980112 0.0198879 
0.970761 0.0292394 
0.979336 0.0206642 
0.306173 0.693827 
0.90921 0.0907899 
0.993548 0.0064524 
0.957176 0.0428235 
0.975447 0.0245531 
0.970687 0.0293132 
0.991343 0.00865686 
0.975662 0.0243377 
0.815176 0.184824 
0.973624 0.0263758 
0.986837 0.0131634 
0.993273 0.00672673 
0.979486 0.0205143 
0.986889 0.013111 
0.990329 0.00967126 
0.251674 0.748326 
0.965426 0.034574 
0.9939 0.0061 
0.99775 0.0022501 
0.983256 0.0167441 
0.971141 0.028859 
0.384166 0.615834 
0.97639 0.0236096 
0.988093 0.0119073 
0.952186 0.0478144 
0.992424 0.00757617 
0.966079 0.0339213 
0.995795 0.00420491 
0.988406 0.011594 
0.976481 0.0235194 
0.977936 0.0220636 
0.973286 0.0267135 
0.98049 0.0195104 
0.956748 0.0432518 
0.998402 0.00159753 
0.991799 0.00820051 
0.980347 0.0196532 
0.992035 0.00796512 
0.251356 0.748644 
0.979751 0.0202491 
0.971823 0.0281768 
0.953533 0.0464674 
0.948259 0.0517408 
0.99098 0.00901984 
0.996668 0.00333183 
0.979805 0.0201954 
0.986855 0.013145 
0.98139 0.0186101 
0.273078 0.726922 
0.973467 0.0265327 
0.984221 0.0157794 
0.988294 0.0117056 
0.985809 0.0141906 
0.985558 0.014442 
0.98421 0.0157903 
0.964731 0.0352694 
0.972521 0.0274786 
0.980759 0.0192414 
0.99076 0.00924042 
0.995806 0.00419369 
0.985869 0.0141314 
0.989845 0.0101549 
0.984477 0.0155228 
0.991393 0.00860662 
0.948763 0.0512368 
0.97829 0.0217097 
0.990936 0.00906438 
0.979089 0.0209114 
0.993972 0.00602754 
0.992259 0.0077413 
0.9939 0.00609974 
0.995482 0.00451781 
0.96181 0.0381903 
0.952779 0.0472208 
0.960055 0.0399452 
0.981696 0.018304 
0.989152 0.0108477 
0.997603 0.00239708 
0.996093 0.00390698 
0.987814 0.0121864 
0.997979 0.00202089 
0.962199 0.0378013 
0.993112 0.006888 
0.989309 0.0106911 
0.990317 0.00968292 
0.994683 0.00531724 
0.98787 0.0121303 
0.963907 0.0360933 
0.993387 0.00661273 
0.983908 0.0160925 
0.992845 0.00715471 
0.995727 0.00427309 
0.988792 0.0112077 
0.988442 0.011558 
0.993585 0.00641462 
0.994045 0.00595495 
0.270399 0.729601 
0.976586 0.0234141 
0.990686 0.00931423 
0.995195 0.00480465 
0.993113 0.00688735 
0.964586 0.0354135 
0.980051 0.0199487 
0.978327 0.0216725 
0.979765 0.0202351 
0.990455 0.00954528 
0.945878 0.0541215 
0.993541 0.00645927 
0.985022 0.0149778 
0.974611 0.0253895 
0.992703 0.00729669 
0.976927 0.0230732 
0.971937 0.0280633 
0.983976 0.0160236 
0.980996 0.0190037 
0.989446 0.0105541 
0.988586 0.011414 
0.981137 0.0188626 
0.988894 0.0111057 
0.969763 0.0302367 
0.99633 0.00367006 
0.987805 0.012195 
0.986897 0.0131031 
0.967364 0.0326357 
0.629419 0.370581 
0.971557 0.0284433 
0.82092 0.17908 
0.990788 0.00921237 
0.97802 0.0219801 
0.958351 0.0416488 
0.988108 0.0118915 
0.954094 0.0459058 
0.983542 0.0164584 
0.974294 0.0257055 
0.982495 0.0175048 
0.259671 0.740329 
0.989759 0.0102414 
0.979741 0.0202586 
0.710576 0.289424 
0.964087 0.0359126 
0.992344 0.00765581 
0.993885 0.006115 
0.986979 0.0130206 
0.94686 0.05314 
0.987755 0.012245 
0.977321 0.0226791 
0.263215 0.736785 
0.956244 0.0437564 
0.317315 0.682685 
0.991889 0.00811077 
0.975742 0.0242578 
0.993389 0.00661115 
0.976158 0.0238423 
0.979613 0.0203874 
0.960074 0.0399256 
0.982979 0.0170214 
0.988403 0.0115972 
0.994391 0.00560941 
0.948974 0.0510261 
0.990336 0.00966437 
0.968903 0.0310975 
0.292844 0.707156 
0.971939 0.0280605 
0.954043 0.045957 
0.975749 0.0242509 
0.992709 0.00729147 
0.953816 0.0461836 
0.989466 0.0105337 
0.991762 0.00823822 
0.945604 0.0543958 
0.989023 0.0109774 
0.983052 0.0169485 
0.973774 0.0262256 
0.990329 0.00967114 
0.993983 0.00601669 
0.947268 0.0527318 
0.99344 0.00655982 
0.980234 0.0197664 
0.492684 0.507316 
0.987853 0.0121466 
0.97786 0.0221399 
0.991542 0.00845846 
0.966358 0.0336422 
0.992101 0.00789863 
0.985056 0.0149443 
0.961384 0.0386157 
0.988478 0.0115216 
0.944086 0.0559136 
0.984003 0.0159967 
0.968354 0.0316461 
0.909343 0.0906573 
0.984791 0.0152094 
0.988385 0.0116154 
0.989319 0.0106812 
0.912231 0.0877686 
0.976539 0.0234609 
0.960879 0.0391207 
0.967423 0.0325767 
0.998511 0.00148922 
0.96022 0.0397795 
0.977884 0.0221159 
0.974221 0.0257791 
0.988467 0.0115334 
0.98845 0.0115504 
0.984723 0.0152772 
0.994606 0.00539364 
0.980772 0.0192282 
0.885354 0.114646 
0.994888 0.00511214 
0.984619 0.0153806 
0.985663 0.0143368 
0.85752 0.14248 
0.952607 0.047393 
0.98031 0.0196899 
0.987016 0.0129844 
0.920361 0.0796394 
0.99602 0.00397961 
0.993741 0.00625879 
0.987116 0.0128839 
0.991076 0.00892392 
0.962291 0.0377094 
0.979526 0.0204739 
0.987916 0.0120845 
0.980792 0.0192075 
0.982048 0.0179521 
0.995315 0.00468513 
0.993877 0.00612264 
0.96407 0.0359301 
0.989401 0.0105994 
0.971566 0.0284335 
0.981835 0.0181648 
0.983036 0.0169643 
0.961369 0.0386314 
0.993857 0.00614318 
0.973007 0.026993 
0.989387 0.0106127 
0.97401 0.0259899 
0.983522 0.0164779 
0.942718 0.0572819 
0.980557 0.0194429 
0.243937 0.756063 
0.992269 0.00773151 
0.992061 0.00793848 
0.995542 0.00445794 
0.278415 0.721585 
0.992542 0.00745759 
0.991776 0.0082236 
0.944042 0.0559577 
0.990296 0.00970399 
0.992924 0.00707629 
0.991983 0.00801702 
0.977831 0.0221688 
0.984942 0.0150577 
0.993816 0.00618388 
0.981807 0.0181933 
0.9923 0.00770015 
0.976523 0.0234768 
0.936915 0.0630848 
0.97267 0.0273303 
0.949338 0.0506616 
0.983472 0.016528 
0.988992 0.0110084 
0.971633 0.0283666 
0.988376 0.0116236 
0.960434 0.0395663 
0.992812 0.00718767 
0.990269 0.00973144 
0.932314 0.0676862 
0.986171 0.0138292 
0.983919 0.0160813 
0.976632 0.0233678 
0.915769 0.0842313 
0.984354 0.0156465 
0.992476 0.00752436 
0.961839 0.038161 
0.990544 0.00945622 
0.994595 0.00540544 
0.98624 0.0137596 
0.986371 0.013629 
0.979789 0.0202105 
0.989086 0.0109138 
0.988681 0.0113191 
0.989775 0.0102249 
0.883278 0.116722 
0.997874 0.00212631 
0.972601 0.0273991 
0.986654 0.0133465 
0.935964 0.064036 
0.990744 0.00925564 
0.972431 0.0275694 
0.991172 0.00882798 
0.992412 0.00758842 
0.983425 0.0165753 
0.97487 0.0251296 
0.881508 0.118492 
0.986932 0.0130679 
0.993799 0.00620067 
0.972054 0.0279465 
0.98577 0.0142302 
0.992738 0.00726162 
0.969486 0.0305143 
0.985248 0.0147523 
0.967916 0.0320836 
0.963024 0.0369755 
0.972443 0.0275572 
0.985767 0.0142331 
0.977356 0.0226439 
0.992237 0.00776272 
0.994232 0.0057675 
0.99135 0.00865014 
0.971261 0.0287388 
0.986165 0.0138349 
0.978766 0.0212338 
0.989554 0.0104459 
0.985324 0.0146765 
0.983121 0.0168793 
0.990462 0.0095381 
0.992312 0.00768769 
0.977038 0.0229617 
0.965113 0.0348865 
0.965209 0.034791 
0.984592 0.0154077 
0.987574 0.0124263 
0.974446 0.0255539 
0.973475 0.0265248 
0.98118 0.0188199 
0.991723 0.00827659 
0.950842 0.0491577 
0.980993 0.0190069 
0.978655 0.0213448 
0.982301 0.0176994 
0.991487 0.00851284 
0.991473 0.00852691 
0.985998 0.0140021 
0.979179 0.0208215 
0.332285 0.667714 
0.97568 0.0243205 
0.970158 0.0298415 
0.963482 0.0365181 
0.988052 0.0119482 
0.986693 0.0133072 
0.815574 0.184426 
0.997298 0.00270167 
0.985636 0.0143643 
0.966638 0.0333618 
0.981594 0.0184062 
0.983757 0.0162429 
0.986633 0.0133671 
0.969512 0.0304885 
0.989164 0.0108355 
0.975376 0.0246244 
0.966392 0.0336085 
0.979701 0.0202994 
0.981663 0.0183374 
0.973998 0.0260015 
0.985389 0.0146114 
0.977213 0.0227873 
0.997444 0.00255576 
0.966228 0.0337717 
0.710063 0.289937 
0.981755 0.0182453 
0.976919 0.0230812 
0.995631 0.00436861 
0.995308 0.00469213 
0.997849 0.00215079 
0.993148 0.00685187 
0.984967 0.0150328 
0.98505 0.0149503 
0.989388 0.0106124 
0.997116 0.00288424 
0.986536 0.0134642 
0.99389 0.00610993 
0.993269 0.00673067 
0.979418 0.0205821 
0.978299 0.0217008 
0.977015 0.0229851 
0.965622 0.0343779 
0.995812 0.00418777 
0.970161 0.0298392 
0.965557 0.0344432 
0.962109 0.0378907 
0.970171 0.029829 
0.806979 0.193021 
0.99121 0.00879016 
0.991011 0.00898944 
0.995971 0.00402889 
0.953014 0.0469864 
0.987117 0.0128835 
0.992338 0.00766242 
0.955858 0.0441425 
0.979347 0.0206532 
0.251872 0.748128 
0.988951 0.0110489 
0.992498 0.0075021 
0.976576 0.0234236 
0.996445 0.00355529 
0.99117 0.00883037 
0.979632 0.0203677 
0.991522 0.00847795 
0.964526 0.0354744 
0.991839 0.00816063 
0.996098 0.0039023 
0.996937 0.00306339 
0.993486 0.00651388 
0.97907 0.0209301 
0.998504 0.00149594 
0.961489 0.038511 
0.990493 0.00950665 
0.947447 0.052553 
0.979203 0.0207966 
0.257546 0.742454 
0.985557 0.0144427 
0.97319 0.0268101 
0.990831 0.00916852 
0.995319 0.00468094 
0.986117 0.013883 
0.97821 0.0217899 
0.986045 0.0139549 
0.993246 0.00675454 
0.984379 0.0156208 
0.960221 0.0397786 
0.992062 0.00793781 
0.984976 0.0150236 
0.809972 0.190028 
0.974945 0.0250554 
0.985572 0.0144283 
0.989446 0.0105537 
0.957565 0.0424352 
0.95494 0.0450595 
0.978004 0.0219955 
0.995733 0.00426661 
0.994934 0.00506635 
0.947719 0.0522807 
0.989201 0.0107989 
0.991749 0.00825066 
0.990137 0.00986276 
0.987757 0.0122431 
0.98428 0.0157204 
0.973439 0.026561 
0.91404 0.0859602 
0.941295 0.0587051 
0.985846 0.0141544 
0.968606 0.031394 
0.983015 0.016985 
0.984117 0.015883 
0.987085 0.0129151 
0.987889 0.0121113 
0.995536 0.00446402 
0.992924 0.00707608 
0.989824 0.0101762 
0.984767 0.0152326 
0.977013 0.0229874 
0.98533 0.0146703 
0.995818 0.00418178 
0.285959 0.714041 
0.965005 0.0349951 
0.987993 0.0120072 
0.990263 0.00973734 
0.952097 0.0479032 
0.993558 0.00644215 
0.948218 0.0517822 
0.99513 0.00487047 
0.99331 0.00669043 
0.966134 0.0338656 
0.984163 0.0158368 
0.976691 0.0233086 
0.964003 0.0359975 
0.953788 0.0462125 
0.968076 0.0319238 
0.974298 0.0257017 
0.985294 0.0147057 
0.936783 0.0632174 
0.943186 0.0568136 
0.995216 0.00478423 
0.96576 0.0342403 
0.990458 0.00954149 
0.992161 0.00783932 
0.983815 0.0161848 
0.249094 0.750906 
0.99431 0.0056898 
0.99388 0.00611982 
0.984262 0.0157385 
0.992523 0.00747731 
0.985781 0.0142194 
0.96001 0.0399895 
0.990839 0.00916117 
0.921238 0.0787617 
0.973335 0.026665 
0.992932 0.00706764 
0.688596 0.311404 
0.991801 0.00819943 
0.995629 0.00437065 
0.982513 0.017487 
0.998348 0.00165148 
0.985155 0.0148451 
0.981202 0.018798 
0.9836 0.0164002 
0.992085 0.007915 
0.271576 0.728424 
0.997517 0.00248306 
0.987546 0.0124538 
0.985999 0.0140009 
0.261402 0.738598 
0.980538 0.0194619 
0.984011 0.0159887 
0.98465 0.0153494 
0.99769 0.00230983 
0.985355 0.0146449 
0.994526 0.00547389 
0.992776 0.00722374 
0.98819 0.0118097 
0.996117 0.00388265 
0.991737 0.00826295 
0.650187 0.349813 
0.971698 0.0283018 
0.974919 0.0250806 
0.830686 0.169314 
0.973076 0.0269241 
0.987469 0.0125306 
0.265099 0.734901 
0.962088 0.0379119 
0.986475 0.0135246 
0.979844 0.0201561 
0.990403 0.00959702 
0.984488 0.0155124 
0.996511 0.00348855 
0.990393 0.00960703 
0.992889 0.00711137 
0.986067 0.0139328 
0.989577 0.0104231 
0.98105 0.0189503 
0.963717 0.036283 
0.991029 0.00897108 
0.99638 0.00361972 
0.959187 0.0408126 
0.965763 0.0342367 
0.94557 0.0544302 
0.988879 0.0111208 
0.98318 0.0168198 
0.993613 0.00638658 
0.990502 0.00949801 
0.987004 0.0129958 
0.97964 0.0203601 
0.995049 0.00495145 
0.262081 0.737919 
0.956817 0.0431829 
0.991468 0.00853173 
0.960907 0.0390928 
0.99033 0.00967019 
0.98182 0.0181803 
0.985352 0.0146485 
0.988274 0.0117255 
0.971029 0.0289708 
0.996204 0.00379604 
0.991333 0.00866653 
0.995621 0.00437882 
0.942492 0.0575084 
0.995252 0.00474761 
0.981252 0.0187478 
0.963375 0.0366245 
0.840095 0.159905 
0.992478 0.00752224 
0.33467 0.66533 
0.976023 0.0239775 
0.988288 0.0117121 
0.995223 0.0047766 
0.991088 0.00891159 
0.986287 0.0137133 
0.951922 0.0480775 
0.995726 0.00427425 
0.983217 0.0167832 
0.776649 0.223351 
0.970377 0.0296232 
0.953755 0.0462448 
0.946691 0.0533089 
0.99813 0.0018701 
0.975199 0.0248006 
0.992319 0.00768054 
0.995212 0.0047881 
0.979471 0.0205293 
0.995704 0.00429606 
0.989464 0.0105356 
0.979062 0.0209382 
0.993633 0.00636713 
0.991163 0.00883687 
0.935023 0.0649767 
0.970083 0.0299166 
0.966004 0.0339958 
0.985949 0.0140515 
0.86583 0.13417 
0.993439 0.0065612 
0.993984 0.00601585 
0.989389 0.0106105 
0.993106 0.00689402 
0.996108 0.00389163 
0.991055 0.00894475 
0.99337 0.00662958 
0.931394 0.0686057 
0.986861 0.0131391 
0.990705 0.0092951 
0.996581 0.00341932 
0.993305 0.00669459 
0.977372 0.022628 
0.978161 0.0218388 
0.989369 0.0106311 
0.931879 0.068121 
0.985877 0.0141236 
0.977785 0.022215 
0.993761 0.00623875 
0.928176 0.0718243 
0.963885 0.0361147 
0.981692 0.0183077 
0.983907 0.016093 
0.986786 0.0132139 
0.985264 0.0147355 
0.995009 0.00499068 
0.991644 0.0083564 
0.981138 0.0188616 
0.975768 0.0242318 
0.984888 0.0151124 
0.976874 0.0231261 
0.985778 0.0142225 
0.988465 0.0115347 
0.996274 0.00372637 
0.904084 0.095916 
0.984335 0.0156649 
0.957965 0.0420346 
0.990659 0.0093415 
0.988203 0.0117975 
0.980749 0.019251 
0.964323 0.0356769 
0.880106 0.119895 
0.985094 0.0149063 
0.990413 0.00958668 
0.984987 0.0150132 
0.988103 0.0118967 
0.976186 0.0238145 
0.995299 0.0047008 
0.947383 0.0526165 
0.276823 0.723176 
0.984309 0.0156909 
0.974928 0.0250718 
0.985594 0.014406 
0.991271 0.00872946 
0.979695 0.0203045 
0.990989 0.00901129 
0.99308 0.00692013 
0.981393 0.0186071 
0.957508 0.0424916 
0.979039 0.0209609 
0.973854 0.0261465 
0.893749 0.106251 
0.926467 0.0735328 
0.991436 0.00856386 
0.955722 0.0442779 
0.985428 0.0145718 
0.984985 0.0150151 
0.985125 0.0148748 
0.97479 0.0252103 
0.987935 0.0120647 
0.993667 0.00633321 
0.994373 0.00562686 
0.299489 0.700511 
0.986855 0.0131452 
0.976459 0.0235413 
0.976263 0.0237366 
0.987806 0.0121943 
0.993498 0.00650244 
0.951864 0.0481359 
0.98352 0.0164801 
0.98102 0.0189797 
0.785961 0.214039 
0.966394 0.033606 
0.978631 0.0213687 
0.993224 0.00677559 
0.987013 0.0129869 
0.995749 0.00425105 
0.983412 0.016588 
0.949488 0.0505115 
0.90324 0.0967599 
0.989016 0.0109838 
0.983541 0.0164587 
0.9514 0.0486002 
0.969425 0.0305749 
0.959612 0.040388 
0.986382 0.0136176 
0.985497 0.0145034 
0.956431 0.0435694 
0.984218 0.0157824 
0.984147 0.0158526 
0.259534 0.740466 
0.983791 0.0162085 
0.977249 0.0227513 
0.25486 0.74514 
0.989926 0.0100741 
0.9579 0.0421005 
0.995952 0.0040485 
0.983406 0.0165938 
0.837646 0.162354 
0.278176 0.721824 
0.980759 0.0192412 
0.976762 0.0232385 
0.267486 0.732514 
0.990645 0.00935533 
0.988466 0.011534 
0.966857 0.0331426 
0.994033 0.00596727 
0.953915 0.0460845 
0.993699 0.0063005 
0.970882 0.0291184 
0.992065 0.00793521 
0.996045 0.0039553 
0.996538 0.00346159 
0.921017 0.0789834 
0.990725 0.00927491 
0.97642 0.0235798 
0.899032 0.100968 
0.972241 0.0277585 
0.986227 0.0137727 
0.989715 0.0102852 
0.988613 0.0113875 
0.985587 0.0144132 
0.989522 0.0104785 
0.972008 0.0279915 
0.968738 0.0312618 
0.995585 0.0044149 
0.990475 0.00952501 
0.988635 0.0113651 
0.95081 0.0491895 
0.987822 0.0121776 
0.985508 0.0144921 
0.984489 0.0155111 
0.993589 0.00641065 
0.973484 0.026516 
0.96939 0.0306098 
0.99715 0.00284989 
0.991462 0.00853789 
0.948366 0.0516345 
0.997966 0.00203427 
0.986161 0.013839 
0.261271 0.738729 
0.987528 0.0124725 
0.982659 0.0173408 
0.981648 0.0183519 
0.973397 0.0266034 
0.981561 0.0184385 
0.958344 0.0416561 
0.916402 0.0835983 
0.986227 0.0137726 
0.991288 0.00871218 
0.989578 0.0104219 
0.987531 0.0124685 
0.991996 0.00800383 
0.962243 0.0377564 
0.979144 0.0208564 
0.934472 0.0655279 
0.983554 0.016446 
0.977871 0.0221289 
0.992835 0.00716459 
0.925211 0.0747889 
0.980511 0.0194891 
0.976792 0.0232085 
0.989421 0.0105791 
0.990268 0.00973202 
0.989414 0.0105857 
0.909862 0.0901384 
0.994303 0.00569728 
0.994307 0.00569255 
0.987122 0.0128782 
0.294367 0.705633 
0.944405 0.0555947 
0.945852 0.0541485 
0.965659 0.034341 
0.989777 0.0102229 
0.971353 0.0286473 
0.598041 0.401959 
0.955813 0.0441868 
0.987846 0.0121539 
0.927773 0.072227 
0.973043 0.0269574 
0.986159 0.0138408 
0.991492 0.00850813 
0.987167 0.0128329 
0.973657 0.0263426 
0.980808 0.0191924 
0.993844 0.00615577 
0.95892 0.0410803 
0.949938 0.0500622 
0.982844 0.0171561 
0.981531 0.0184694 
0.993928 0.00607226 
0.964255 0.0357446 
0.990212 0.00978836 
0.986779 0.0132205 
0.990926 0.00907361 
0.974917 0.0250833 
0.989292 0.0107083 
0.874805 0.125195 
0.912701 0.0872993 
0.975949 0.0240508 
0.977041 0.022959 
0.967116 0.032884 
0.986171 0.0138294 
0.985039 0.0149608 
0.964966 0.0350338 
0.995593 0.00440679 
0.975382 0.0246181 
0.980673 0.0193272 
0.986093 0.0139069 
0.980833 0.0191675 
0.871343 0.128657 
0.979493 0.0205075 
0.995443 0.0045565 
0.986191 0.0138087 
0.982276 0.0177244 
0.956995 0.0430054 
0.985199 0.0148006 
0.993399 0.00660105 
0.986748 0.0132525 
0.9878 0.0121997 
0.962678 0.0373223 
0.98974 0.0102605 
0.989089 0.0109106 
0.996545 0.00345453 
0.990626 0.00937354 
0.995107 0.00489267 
0.916649 0.0833507 
0.312569 0.687431 
0.995902 0.00409775 
0.980748 0.0192516 
0.993597 0.00640337 
0.951404 0.0485956 
0.955283 0.0447169 
0.951013 0.0489865 
0.978687 0.0213135 
0.263172 0.736828 
0.974358 0.0256418 
0.991375 0.00862543 
0.986516 0.013484 
0.994095 0.00590448 
0.97867 0.0213296 
0.960724 0.039276 
0.989358 0.0106421 
0.979594 0.0204055 
0.990769 0.00923096 
0.965054 0.034946 
0.955321 0.0446791 
0.933044 0.0669565 
0.995796 0.00420362 
0.980268 0.0197321 
0.989855 0.0101452 
0.960752 0.0392481 
0.990412 0.00958772 
0.293098 0.706902 
0.965262 0.0347378 
0.934035 0.0659646 
0.992853 0.00714683 
0.991981 0.00801848 
0.934716 0.0652837 
0.995956 0.00404344 
0.984907 0.0150933 
0.944698 0.0553017 
0.988543 0.0114571 
0.945527 0.0544725 
0.994308 0.00569165 
0.994826 0.00517436 
0.988524 0.0114756 
0.989306 0.0106943 
0.981483 0.0185167 
0.994018 0.00598205 
0.993702 0.00629778 
0.879887 0.120112 
0.987997 0.0120031 
0.974338 0.025662 
0.947929 0.0520709 
0.984731 0.0152688 
0.871836 0.128164 
0.99302 0.00698004 
0.958015 0.0419851 
0.975885 0.0241151 
0.989845 0.010155 
0.992364 0.00763573 
0.990515 0.00948466 
0.991938 0.00806171 
0.985011 0.0149892 
0.994906 0.00509392 
0.963122 0.0368776 
0.978321 0.021679 
0.993206 0.0067938 
0.938656 0.0613439 
0.975266 0.0247345 
0.980604 0.0193962 
0.968075 0.0319249 
0.801553 0.198447 
0.987952 0.0120479 
0.995286 0.00471412 
0.986924 0.0130756 
0.968486 0.031514 
0.992155 0.00784497 
0.984573 0.0154274 
0.996675 0.003325 
0.991089 0.00891099 
0.99365 0.00635035 
0.967972 0.0320285 
0.96745 0.03255 
0.987347 0.0126525 
0.992989 0.00701128 
0.970745 0.0292547 
0.978224 0.0217759 
0.935814 0.0641859 
0.978834 0.0211663 
0.979656 0.0203443 
0.81852 0.18148 
0.265287 0.734713 
0.990207 0.00979347 
0.972048 0.0279521 
0.990706 0.0092943 
0.985868 0.0141323 
0.985826 0.0141737 
0.995756 0.00424395 
0.952629 0.0473714 
0.982104 0.0178961 
0.974795 0.0252055 
0.967027 0.0329726 
0.991432 0.00856763 
0.957977 0.0420232 
0.967203 0.0327968 
0.989782 0.0102181 
0.979462 0.0205383 
0.536757 0.463243 
0.991772 0.00822823 
0.992999 0.0070008 
0.981938 0.018062 
0.974031 0.0259689 
0.982574 0.0174258 
0.983931 0.0160687 
0.985465 0.0145348 
0.966807 0.0331927 
0.981166 0.0188336 
0.995971 0.00402867 
0.989324 0.0106762 
0.972389 0.0276111 
0.989899 0.0101014 
0.991519 0.00848111 
0.978397 0.021603 
0.962282 0.037718 
0.964299 0.0357009 
0.259057 0.740943 
0.276382 0.723618 
0.988475 0.0115254 
0.986291 0.0137089 
0.981538 0.0184622 
0.972846 0.0271544 
0.972953 0.0270472 
0.981518 0.0184818 
0.996018 0.0039819 
0.980459 0.0195413 
0.988524 0.0114762 
0.996219 0.00378083 
0.993962 0.0060384 
0.991847 0.00815343 
0.908955 0.091045 
0.977135 0.0228645 
0.974151 0.0258493 
0.984172 0.0158281 
0.987495 0.0125053 
0.99273 0.00726965 
0.993454 0.00654565 
0.955329 0.0446711 
0.995082 0.00491821 
0.993718 0.00628157 
0.960324 0.0396763 
0.977244 0.0227558 
0.98362 0.0163799 
0.986278 0.0137222 
0.98873 0.0112704 
0.994411 0.00558906 
0.993382 0.00661798 
0.973214 0.0267858 
0.260643 0.739357 
0.980983 0.0190166 
0.967839 0.0321606 
0.993778 0.00622176 
0.259526 0.740474 
0.985281 0.014719 
0.98936 0.01064 
0.987861 0.0121394 
0.992319 0.00768114 
0.994445 0.0055546 
0.972731 0.0272694 
0.989907 0.010093 
0.252629 0.747371 
0.980318 0.019682 
0.986666 0.0133344 
0.993069 0.00693057 
0.980632 0.019368 
0.990139 0.00986138 
0.888985 0.111015 
0.962406 0.0375942 
0.985294 0.0147059 
0.987338 0.0126624 
0.591272 0.408728 
0.973841 0.0261594 
0.99061 0.00938967 
0.974099 0.0259012 
0.972059 0.0279409 
0.95853 0.0414704 
0.255493 0.744507 
0.974846 0.0251545 
0.984773 0.0152271 
0.983829 0.0161713 
0.98145 0.0185498 
0.961815 0.0381854 
0.993452 0.00654804 
0.972955 0.0270446 
0.992735 0.00726549 
0.984266 0.0157339 
0.980383 0.0196173 
0.988133 0.0118669 
0.978653 0.021347 
0.978073 0.0219265 
0.991222 0.00877818 
0.983583 0.0164166 
0.995758 0.00424211 
0.97664 0.0233597 
0.994436 0.0055638 
0.991878 0.0081225 
0.984437 0.0155632 
0.991108 0.00889198 
0.984516 0.0154838 
0.974915 0.0250846 
0.957267 0.0427335 
0.992071 0.0079294 
0.945776 0.0542236 
0.987291 0.0127095 
0.979159 0.0208412 
0.994177 0.00582347 
0.985106 0.0148945 
0.98007 0.0199297 
0.964419 0.0355811 
0.99159 0.00841016 
0.99367 0.00632989 
0.970569 0.0294305 
0.987346 0.0126538 
0.250104 0.749896 
0.994999 0.00500148 
0.967523 0.0324773 
0.958618 0.0413818 
0.990132 0.00986763 
0.987851 0.0121486 
0.967223 0.0327765 
0.989084 0.0109163 
0.978493 0.0215068 
0.981144 0.0188559 
0.985609 0.0143909 
0.989142 0.0108583 
0.267628 0.732372 
0.991132 0.00886795 
0.993746 0.00625416 
0.985081 0.0149187 
0.972892 0.027108 
0.985994 0.0140058 
0.967056 0.0329439 
0.959759 0.0402415 
0.996977 0.00302308 
0.969844 0.0301558 
0.98915 0.0108499 
0.992094 0.00790602 
0.259574 0.740426 
0.987831 0.012169 
0.264606 0.735394 
0.964836 0.0351636 
0.98499 0.0150104 
0.967451 0.0325494 
0.993834 0.00616642 
0.994038 0.00596246 
0.984631 0.0153686 
0.980298 0.0197024 
0.946658 0.0533418 
0.974198 0.0258016 
0.985866 0.0141337 
0.930766 0.0692337 
0.992954 0.00704608 
0.946853 0.0531474 
0.987926 0.0120736 
0.98489 0.0151099 
0.996298 0.00370225 
0.983673 0.0163274 
0.922143 0.0778566 
0.989922 0.0100784 
0.979294 0.0207058 
0.970303 0.0296975 
0.97352 0.02648 
0.985529 0.0144708 
0.986758 0.0132416 
0.983577 0.0164232 
0.980206 0.0197941 
0.95631 0.0436903 
0.983508 0.0164918 
0.977983 0.022017 
0.985143 0.0148568 
0.959279 0.0407206 
0.993734 0.00626594 
0.986269 0.0137308 
0.982484 0.0175165 
0.982798 0.017202 
0.994755 0.00524549 
0.990897 0.00910256 
0.983431 0.0165688 
0.985811 0.0141887 
0.275478 0.724522 
0.935001 0.0649988 
0.965764 0.0342364 
0.442757 0.557243 
0.947569 0.0524308 
0.988391 0.0116092 
0.994013 0.00598685 
0.992368 0.00763226 
0.981852 0.0181483 
0.978314 0.021686 
0.994411 0.00558892 
0.715985 0.284015 
0.991446 0.00855367 
0.985729 0.0142715 
0.974107 0.025893 
0.964004 0.0359957 
0.98732 0.0126798 
0.961798 0.0382022 
0.95344 0.0465605 
0.986587 0.0134135 
0.974039 0.0259606 
0.96637 0.03363 
0.992601 0.00739903 
0.273205 0.726795 
0.988929 0.0110712 
0.989822 0.0101785 
0.978892 0.0211078 
0.992453 0.00754679 
0.994177 0.00582291 
0.996356 0.00364371 
0.996403 0.00359717 
0.996067 0.00393298 
0.965358 0.0346422 
0.997203 0.00279695 
0.97466 0.0253398 
0.969343 0.0306567 
0.996303 0.00369696 
0.968982 0.0310184 
0.981436 0.0185637 
0.974077 0.0259234 
0.98968 0.0103203 
0.968003 0.0319969 
0.962521 0.0374791 
0.970855 0.0291452 
0.911247 0.0887526 
0.98762 0.0123805 
0.994852 0.00514767 
0.99491 0.00509016 
0.994939 0.005061 
0.982962 0.0170381 
0.257164 0.742836 
0.986558 0.0134416 
0.794193 0.205807 
0.990969 0.00903149 
0.961491 0.0385086 
0.993792 0.00620813 
0.937873 0.0621266 
0.967231 0.0327694 
0.989133 0.0108668 
0.759489 0.240511 
0.987012 0.0129882 
0.94502 0.0549798 
0.994287 0.00571299 
0.996372 0.00362771 
0.970659 0.0293408 
0.946507 0.0534927 
0.990937 0.00906312 
0.990158 0.00984201 
0.97507 0.0249301 
0.940951 0.0590495 
0.989045 0.0109551 
0.851209 0.148791 
0.988847 0.0111526 
0.943405 0.0565949 
0.984495 0.0155055 
0.993388 0.00661222 
0.974857 0.0251432 
0.978944 0.0210565 
0.958261 0.0417394 
0.986732 0.0132682 
0.988879 0.0111209 
0.991881 0.00811865 
0.795708 0.204292 
0.947877 0.0521233 
0.989113 0.0108867 
0.99373 0.00627014 
0.986599 0.0134009 
0.988297 0.0117028 
0.989644 0.0103558 
0.987633 0.0123668 
0.978613 0.0213874 
0.985913 0.0140866 
0.987645 0.0123551 
0.981485 0.0185149 
0.962444 0.0375561 
0.991984 0.00801617 
0.98713 0.01287 
0.983511 0.0164886 
0.997564 0.00243586 
0.987795 0.0122053 
0.995484 0.00451608 
0.990046 0.00995407 
0.936733 0.0632672 
0.986408 0.0135923 
0.988757 0.0112429 
0.99102 0.00898004 
0.990063 0.00993738 
0.9669 0.0331004 
0.981255 0.0187453 
0.267914 0.732086 
0.965963 0.0340366 
0.971096 0.0289037 
0.978745 0.0212554 
0.969946 0.0300538 
0.884699 0.115301 
0.994178 0.00582177 
0.981908 0.0180922 
0.968892 0.0311076 
0.247837 0.752163 
0.983417 0.0165835 
0.994084 0.00591578 
0.965128 0.0348715 
0.991116 0.00888447 
0.977875 0.0221246 
0.9929 0.00709982 
0.997481 0.00251862 
0.990567 0.00943288 
0.966691 0.0333093 
0.329977 0.670023 
0.966092 0.0339082 
0.973765 0.0262353 
0.990586 0.00941391 
0.991501 0.0084985 
0.97528 0.0247197 
0.987944 0.0120557 
0.994638 0.00536206 
0.982546 0.0174539 
0.993845 0.0061547 
0.256703 0.743297 
0.981358 0.0186424 
0.248302 0.751698 
0.973046 0.0269545 
0.977672 0.0223282 
0.98105 0.0189498 
0.992712 0.00728835 
0.979771 0.0202287 
0.958261 0.0417386 
0.991153 0.00884674 
0.981306 0.0186936 
0.98123 0.0187703 
0.968 0.0319998 
0.956417 0.0435834 
0.951222 0.0487776 
0.448879 0.551121 
0.95561 0.0443905 
0.949598 0.0504023 
0.996628 0.00337243 
0.974304 0.0256961 
0.249437 0.750563 
0.991699 0.0083014 
0.965004 0.034996 
0.960741 0.0392594 
0.994978 0.00502229 
0.966665 0.0333351 
0.254215 0.745785 
0.989853 0.0101467 
0.994089 0.0059114 
0.985291 0.0147093 
0.99017 0.00982981 
0.963832 0.0361678 
0.99097 0.00902969 
0.985937 0.0140636 
0.970259 0.0297408 
0.984405 0.0155949 
0.981601 0.0183988 
0.94257 0.0574296 
0.961318 0.0386823 
0.945343 0.0546568 
0.98968 0.0103205 
0.96942 0.0305803 
0.964338 0.0356616 
0.98534 0.0146605 
0.977788 0.022212 
0.988701 0.0112985 
0.990098 0.00990237 
0.984709 0.0152906 
0.972236 0.0277637 
0.97079 0.02921 
0.984868 0.0151316 
0.938693 0.061307 
0.971675 0.0283247 
0.984477 0.0155229 
0.979976 0.0200238 
0.973524 0.026476 
0.997231 0.00276888 
0.990705 0.00929525 
0.988696 0.0113044 
0.969848 0.0301521 
0.977678 0.0223222 
0.987504 0.0124962 
0.997091 0.00290934 
0.972628 0.0273724 
0.984432 0.015568 
0.983157 0.0168427 
0.976101 0.0238992 
0.972808 0.0271923 
0.99295 0.00705036 
0.995804 0.00419576 
0.991227 0.00877278 
0.978374 0.0216264 
0.982131 0.0178686 
0.977975 0.0220253 
0.995902 0.00409833 
0.980417 0.019583 
0.981726 0.0182744 
0.961832 0.0381683 
0.996287 0.00371333 
0.988242 0.011758 
0.995292 0.00470788 
0.258586 0.741414 
0.973082 0.0269177 
0.988095 0.0119047 
0.98519 0.0148101 
0.976868 0.0231324 
0.975758 0.0242422 
0.995457 0.00454318 
0.994257 0.00574348 
0.995054 0.00494599 
0.976372 0.0236278 
0.977851 0.0221486 
0.820972 0.179028 
0.976455 0.023545 
0.9959 0.0040998 
0.973586 0.0264143 
0.989849 0.0101513 
0.98671 0.0132899 
0.990454 0.00954604 
0.982047 0.0179525 
0.986624 0.0133755 
0.97707 0.0229302 
0.992752 0.00724838 
0.991571 0.0084288 
0.987425 0.0125748 
0.973115 0.0268851 
0.989882 0.0101184 
0.986796 0.0132043 
0.992722 0.00727781 
0.96176 0.0382396 
0.976191 0.0238089 
0.990937 0.00906266 
0.991679 0.00832094 
0.997103 0.00289703 
0.507211 0.492789 
0.26019 0.73981 
0.979973 0.0200274 
0.966362 0.0336375 
0.917732 0.0822683 
0.991901 0.00809882 
0.946634 0.0533664 
0.992404 0.00759579 
0.965499 0.0345008 
0.975968 0.0240316 
0.967855 0.0321451 
0.994577 0.00542331 
0.979403 0.0205968 
0.950583 0.0494174 
0.981799 0.0182013 
0.967827 0.0321732 
0.992105 0.00789505 
0.972708 0.0272919 
0.964074 0.0359255 
0.992512 0.00748782 
0.965341 0.0346592 
0.97822 0.0217799 
0.987647 0.012353 
0.971459 0.0285411 
0.984293 0.0157073 
0.988909 0.011091 
0.987638 0.0123622 
0.985928 0.0140721 
0.967641 0.0323595 
0.9857 0.0143004 
0.989164 0.0108362 
0.988337 0.0116628 
0.988635 0.0113647 
0.970878 0.0291224 
0.988615 0.0113854 
0.989343 0.0106573 
0.986676 0.0133236 
0.992105 0.0078945 
0.980275 0.0197251 
0.987089 0.0129112 
0.980039 0.0199608 
0.96929 0.0307102 
0.986704 0.0132963 
0.957564 0.0424363 
0.977401 0.0225986 
0.985757 0.0142432 
0.995552 0.00444749 
0.978869 0.0211312 
0.992096 0.00790436 
0.989311 0.0106885 
0.992985 0.00701484 
0.960665 0.0393352 
0.96885 0.0311495 
0.980335 0.0196649 
0.997055 0.00294481 
0.973087 0.0269126 
0.977606 0.0223943 
0.987588 0.0124116 
0.984095 0.0159053 
0.980591 0.0194086 
0.992694 0.0073057 
0.982236 0.0177641 
0.985547 0.0144531 
0.979067 0.020933 
0.988094 0.0119059 
0.99417 0.00583031 
0.992368 0.00763172 
0.984319 0.0156813 
0.994126 0.00587426 
0.921907 0.0780934 
0.984514 0.0154862 
0.984094 0.0159062 
0.996842 0.00315813 
0.985104 0.0148958 
0.991432 0.00856812 
0.99085 0.00915044 
0.929744 0.0702562 
0.987341 0.012659 
0.997314 0.00268566 
0.950857 0.0491435 
0.975757 0.0242426 
0.960911 0.039089 
0.99134 0.00865996 
0.997196 0.00280428 
0.970202 0.0297983 
0.980845 0.0191548 
0.956545 0.0434554 
0.988506 0.0114936 
0.997414 0.00258555 
0.992832 0.00716816 
0.984197 0.015803 
0.981851 0.0181489 
0.988044 0.0119559 
0.978735 0.0212651 
0.977812 0.0221879 
0.964063 0.0359371 
0.941984 0.0580162 
0.982503 0.0174974 
0.985176 0.0148242 
0.28514 0.71486 
0.951608 0.0483918 
0.992266 0.00773352 
0.888868 0.111132 
0.994484 0.00551571 
0.96572 0.0342797 
0.972455 0.0275446 
0.991555 0.00844484 
0.993861 0.0061387 
0.910372 0.089628 
0.893847 0.106153 
0.969501 0.0304992 
0.968084 0.0319166 
0.993044 0.00695634 
0.97911 0.0208905 
0.970502 0.0294978 
0.90108 0.0989198 
0.993038 0.00696187 
0.984594 0.0154058 
0.985243 0.0147569 
0.966463 0.033537 
0.669766 0.330234 
0.991892 0.00810798 
0.982263 0.0177373 
0.960895 0.0391055 
0.979105 0.0208952 
0.974095 0.0259051 
0.989893 0.0101073 
0.981102 0.0188981 
0.982372 0.0176278 
0.990122 0.00987752 
0.994443 0.00555653 
0.256296 0.743704 
0.988935 0.011065 
0.978175 0.0218254 
0.97995 0.0200496 
0.975938 0.0240624 
0.90958 0.0904204 
0.983949 0.0160509 
0.990078 0.00992228 
0.983264 0.0167356 
0.96329 0.0367102 
0.98174 0.0182605 
0.984844 0.0151562 
0.96078 0.0392197 
0.972365 0.0276353 
0.990961 0.00903924 
0.948062 0.0519375 
0.979811 0.0201886 
0.659098 0.340902 
0.983922 0.0160782 
0.920582 0.0794176 
0.961735 0.0382646 
0.263665 0.736335 
0.996596 0.00340439 
0.971202 0.0287977 
0.99071 0.00929049 
0.986817 0.0131826 
0.991905 0.00809518 
0.962506 0.037494 
0.983788 0.0162124 
0.97037 0.02963 
0.989976 0.0100236 
0.969278 0.0307218 
0.990417 0.00958318 
0.9911 0.00889959 
0.97962 0.0203803 
0.987031 0.0129686 
0.977925 0.0220749 
0.949449 0.0505506 
0.976235 0.0237647 
0.916351 0.0836488 
0.983507 0.016493 
0.95789 0.0421104 
0.992713 0.00728725 
0.97874 0.0212604 
0.831185 0.168815 
0.985447 0.0145533 
0.993839 0.00616122 
0.958204 0.0417959 
0.979152 0.020848 
0.996979 0.00302086 
0.273448 0.726552 
0.983204 0.0167958 
0.975607 0.0243929 
0.976792 0.0232079 
0.939653 0.0603473 
0.947009 0.0529905 
0.988106 0.0118936 
0.988456 0.0115439 
0.980874 0.0191256 
0.995246 0.00475442 
0.991284 0.00871572 
0.911747 0.0882534 
0.984654 0.0153461 
0.990518 0.00948168 
0.988685 0.011315 
0.982705 0.0172945 
0.955006 0.044994 
0.981002 0.0189977 
0.96722 0.0327798 
0.712518 0.287482 
0.980899 0.0191005 
0.97141 0.0285904 
0.96983 0.0301704 
0.988385 0.0116151 
0.962476 0.0375239 
0.986434 0.0135656 
0.97081 0.0291899 
0.993319 0.00668069 
0.967817 0.0321828 
0.983327 0.0166734 
0.988988 0.0110121 
0.923817 0.0761834 
0.99139 0.00860964 
0.99285 0.00715011 
0.984438 0.0155618 
0.985239 0.014761 
0.973707 0.026293 
0.993287 0.00671293 
0.978729 0.0212713 
0.988321 0.0116793 
0.969169 0.0308305 
0.986553 0.0134472 
0.991336 0.00866354 
0.980878 0.0191217 
0.987352 0.0126479 
0.950378 0.049622 
0.955338 0.0446615 
0.993255 0.00674497 
0.871693 0.128307 
0.97183 0.02817 
0.987834 0.0121663 
0.9437 0.0562996 
0.938287 0.0617127 
0.9867 0.0132998 
0.935776 0.0642245 
0.974533 0.0254666 
0.993062 0.00693775 
0.993385 0.00661456 
0.977773 0.0222271 
0.988352 0.0116475 
0.954021 0.0459789 
0.983054 0.0169464 
0.987628 0.0123715 
0.992034 0.00796546 
0.988085 0.011915 
0.973386 0.0266137 
0.970414 0.0295865 
0.286558 0.713442 
0.988053 0.0119469 
0.918581 0.0814188 
0.987968 0.0120316 
0.990783 0.00921748 
0.944927 0.0550727 
0.976357 0.0236427 
0.978761 0.0212394 
0.998009 0.00199101 
0.969186 0.0308136 
0.990337 0.00966274 
0.685001 0.314999 
0.979798 0.0202024 
0.283186 0.716814 
0.978345 0.0216554 
0.990656 0.009344 
0.982443 0.0175572 
0.99381 0.00618953 
0.989095 0.0109048 
0.993055 0.00694492 
0.98583 0.01417 
0.952821 0.0471791 
0.981608 0.0183923 
0.98292 0.0170798 
0.991761 0.00823921 
0.996067 0.00393334 
0.801303 0.198697 
0.99516 0.00484039 
0.9158 0.0841997 
0.990932 0.00906762 
0.963196 0.0368037 
0.991733 0.00826679 
0.981689 0.0183107 
0.949192 0.0508078 
0.987274 0.0127259 
0.968872 0.0311283 
0.988385 0.0116151 
0.959198 0.0408025 
0.969428 0.0305718 
0.980802 0.0191978 
0.988353 0.0116467 
0.928252 0.0717484 
0.987461 0.0125392 
0.934903 0.0650966 
0.959354 0.0406459 
0.992458 0.00754253 
0.979207 0.0207928 
0.99078 0.00921983 
0.985529 0.0144708 
0.988589 0.0114108 
0.94498 0.0550204 
0.948099 0.0519011 
0.342117 0.657883 
0.270769 0.729231 
0.956957 0.0430436 
0.982653 0.0173473 
0.998473 0.00152749 
0.990116 0.009884 
0.984651 0.0153494 
0.984555 0.015445 
0.988048 0.0119523 
0.994015 0.00598539 
0.972638 0.0273621 
0.280873 0.719127 
0.979438 0.0205616 
0.9743 0.0257004 
0.983057 0.0169434 
0.963159 0.0368409 
0.993573 0.00642744 
0.988549 0.0114508 
0.98967 0.0103304 
0.940154 0.0598456 
0.969188 0.0308123 
0.976396 0.0236037 
0.971565 0.0284347 
0.954211 0.0457889 
0.977233 0.022767 
0.996599 0.00340133 
0.267596 0.732404 
0.995994 0.00400549 
0.991438 0.00856216 
0.994489 0.00551073 
0.987612 0.0123877 
0.982299 0.0177008 
0.989375 0.0106247 
0.995624 0.00437564 
0.986612 0.013388 
0.251124 0.748875 
0.984221 0.0157791 
0.990239 0.00976101 
0.987238 0.012762 
0.993859 0.00614153 
0.920821 0.0791795 
0.979072 0.020928 
0.985704 0.0142959 
0.979347 0.0206528 
0.992963 0.00703665 
0.356374 0.643626 
0.938125 0.0618754 
0.99527 0.00473044 
0.989134 0.0108656 
0.987708 0.0122922 
0.990408 0.00959248 
0.990853 0.0091475 
0.92193 0.0780695 
0.98527 0.01473 
0.982383 0.0176169 
0.989443 0.0105567 
0.977798 0.0222022 
0.920632 0.0793676 
0.340116 0.659884 
0.966468 0.0335316 
0.994676 0.00532357 
0.278213 0.721787 
0.977874 0.0221256 
0.993246 0.00675352 
0.492572 0.507428 
0.982398 0.017602 
0.988812 0.0111877 
0.904477 0.0955235 
0.309542 0.690458 
0.263139 0.736861 
0.990715 0.00928478 
0.996089 0.0039115 
0.947751 0.0522492 
0.992981 0.00701858 
0.991821 0.00817902 
0.261643 0.738357 
0.921648 0.0783516 
0.974532 0.025468 
0.989405 0.010595 
0.948328 0.0516717 
0.994729 0.00527073 
0.89715 0.10285 
0.992576 0.00742405 
0.99044 0.00955994 
0.98035 0.0196496 
0.988635 0.0113645 
0.980381 0.0196192 
0.995061 0.00493904 
0.970828 0.0291719 
0.985404 0.0145963 
0.997319 0.00268109 
0.986179 0.0138213 
0.993687 0.00631285 
0.96149 0.0385096 
0.972664 0.0273356 
0.988124 0.011876 
0.992414 0.00758613 
0.983573 0.0164268 
0.991204 0.00879645 
0.990001 0.00999903 
0.951106 0.0488938 
0.973769 0.0262309 
0.945697 0.0543026 
0.980022 0.0199782 
0.268818 0.731182 
0.985543 0.0144565 
0.967803 0.0321975 
0.991443 0.00855698 
0.988019 0.011981 
0.979489 0.0205112 
0.934882 0.065118 
0.991862 0.00813752 
0.981911 0.018089 
0.94487 0.0551297 
0.982081 0.0179195 
0.987071 0.0129288 
0.994108 0.00589206 
0.973748 0.0262515 
0.992514 0.00748637 
0.996499 0.00350116 
0.237465 0.762535 
0.983172 0.0168284 
0.972965 0.0270354 
0.986626 0.0133744 
0.968662 0.0313383 
0.974243 0.0257571 
0.990681 0.00931919 
0.289151 0.710849 
0.942155 0.0578448 
0.97477 0.0252301 
0.98565 0.0143502 
0.991355 0.00864513 
0.992428 0.00757195 
0.982842 0.0171578 
0.995887 0.00411351 
0.983582 0.0164179 
0.987104 0.0128964 
0.983074 0.0169264 
0.971459 0.0285406 
0.926407 0.0735932 
0.990475 0.0095255 
0.994866 0.00513346 
0.938662 0.0613379 
0.98202 0.0179801 
0.986859 0.0131406 
0.901413 0.0985875 
0.980685 0.0193147 
0.990785 0.00921539 
0.983133 0.0168669 
0.977626 0.0223737 
0.984675 0.0153249 
0.989693 0.010307 
0.977199 0.022801 
0.981693 0.0183072 
0.991829 0.00817124 
0.98548 0.0145198 
0.982311 0.0176894 
0.992614 0.0073858 
0.981831 0.0181692 
0.988142 0.0118582 
0.941974 0.0580258 
0.98687 0.0131297 
0.96052 0.0394799 
0.988795 0.0112054 
0.989008 0.0109915 
0.936695 0.0633046 
0.980281 0.0197187 
0.968376 0.0316244 
0.978604 0.0213957 
0.938723 0.0612767 
0.989438 0.0105625 
0.966027 0.0339733 
0.25942 0.74058 
0.991738 0.00826167 
0.969918 0.0300814 
0.96732 0.0326802 
0.86653 0.13347 
0.985113 0.0148869 
0.995181 0.00481865 
0.98692 0.0130796 
0.987545 0.0124552 
0.982256 0.0177444 
0.965406 0.0345943 
0.965553 0.0344468 
0.99142 0.00857984 
0.978988 0.0210121 
0.94043 0.0595698 
0.980974 0.0190265 
0.982563 0.0174375 
0.255111 0.744889 
0.942029 0.0579706 
0.985343 0.0146569 
0.97619 0.0238103 
0.881562 0.118438 
0.987615 0.0123855 
0.981337 0.0186626 
0.948556 0.0514444 
0.983253 0.0167472 
0.972231 0.0277686 
0.991864 0.00813597 
0.968473 0.0315268 
0.987354 0.0126463 
0.995576 0.00442399 
0.980473 0.0195266 
0.999265 0.000734543 
0.911148 0.0888525 
0.983436 0.0165638 
0.962983 0.0370174 
0.981873 0.0181272 
0.416369 0.583631 
0.96852 0.0314799 
0.988464 0.0115365 
0.963731 0.0362689 
0.993508 0.00649215 
0.998482 0.00151816 
0.978925 0.021075 
0.995613 0.00438682 
0.391909 0.608091 
0.952844 0.0471565 
0.995126 0.00487379 
0.990685 0.00931453 
0.984385 0.0156151 
0.991166 0.00883425 
0.991032 0.00896771 
0.266175 0.733825 
0.995089 0.00491052 
0.983953 0.0160471 
0.989316 0.0106845 
0.94824 0.0517601 
0.982839 0.0171608 
0.98716 0.0128396 
0.260727 0.739273 
0.991113 0.00888739 
0.998845 0.00115545 
0.982129 0.0178707 
0.985331 0.0146688 
0.987015 0.0129848 
0.982966 0.0170342 
0.980961 0.0190393 
0.974469 0.0255315 
0.987215 0.0127852 
0.929679 0.0703209 
0.99729 0.00270984 
0.994341 0.00565943 
0.994323 0.00567667 
0.994095 0.00590454 
0.980364 0.0196358 
0.980558 0.0194418 
0.970954 0.0290457 
0.983336 0.0166639 
0.988927 0.0110734 
0.988667 0.0113334 
0.989582 0.0104177 
0.957693 0.0423069 
0.990674 0.00932564 
0.994176 0.00582396 
0.988978 0.0110221 
0.994684 0.005316 
0.988556 0.0114435 
0.985884 0.0141155 
0.989617 0.0103829 
0.96305 0.0369496 
0.973135 0.0268649 
0.971194 0.0288061 
0.977244 0.0227556 
0.985441 0.0145592 
0.262934 0.737066 
0.990504 0.00949623 
0.994254 0.00574616 
0.970777 0.0292233 
0.987225 0.0127747 
0.785114 0.214886 
0.990161 0.00983897 
0.989955 0.0100454 
0.988185 0.0118147 
0.989965 0.0100354 
0.99339 0.00660965 
0.988782 0.0112182 
0.271739 0.728261 
0.994904 0.00509607 
0.982452 0.0175477 
0.995076 0.00492371 
0.99718 0.00282053 
0.786073 0.213927 
0.984219 0.0157807 
0.994615 0.00538534 
0.98396 0.0160399 
0.974311 0.0256887 
0.98052 0.0194802 
0.980182 0.0198176 
0.97672 0.0232802 
0.991845 0.008155 
0.988065 0.0119351 
0.992304 0.00769628 
0.986217 0.0137827 
0.995821 0.00417949 
0.965007 0.0349925 
0.966466 0.0335336 
0.964044 0.0359562 
0.98789 0.0121097 
0.962456 0.0375441 
0.9798 0.0202 
0.991667 0.00833286 
0.94554 0.0544603 
0.974301 0.0256989 
0.984896 0.0151042 
0.992468 0.00753201 
0.998487 0.00151272 
0.988991 0.0110089 
0.911985 0.088015 
0.978972 0.0210278 
0.998327 0.00167335 
0.98087 0.0191297 
0.96414 0.0358596 
0.983903 0.0160971 
0.292026 0.707974 
0.97893 0.0210697 
0.86933 0.13067 
0.991403 0.00859666 
0.913708 0.0862917 
0.990432 0.0095682 
0.980923 0.0190766 
0.993864 0.00613569 
0.994764 0.00523581 
0.991965 0.00803529 
0.983013 0.0169874 
0.987947 0.0120532 
0.985445 0.0145549 
0.992716 0.0072844 
0.988995 0.0110053 
0.958142 0.0418578 
0.988373 0.0116272 
0.978137 0.0218628 
0.980044 0.019956 
0.966024 0.0339765 
0.992991 0.00700852 
0.988433 0.0115666 
0.993806 0.00619375 
0.993874 0.00612598 
0.994372 0.00562801 
0.931281 0.0687188 
0.993107 0.00689331 
0.996509 0.00349054 
0.985783 0.0142174 
0.979018 0.0209822 
0.993334 0.00666591 
0.989505 0.0104947 
0.945961 0.0540386 
0.985654 0.0143456 
0.921249 0.0787507 
0.993251 0.00674913 
0.990992 0.00900825 
0.981279 0.0187208 
0.98144 0.0185601 
0.975645 0.0243545 
0.992716 0.00728369 
0.980658 0.0193419 
0.977736 0.0222645 
0.980626 0.0193742 
0.977746 0.0222538 
0.987584 0.0124156 
0.993749 0.00625084 
0.990711 0.00928878 
0.989658 0.010342 
0.994319 0.00568141 
0.987391 0.012609 
0.986436 0.0135639 
0.283626 0.716374 
0.993396 0.00660423 
0.987761 0.0122389 
0.989186 0.0108143 
0.983033 0.0169668 
0.9749 0.0250996 
0.997418 0.00258164 
0.991064 0.00893557 
0.980607 0.0193934 
0.991092 0.00890789 
0.994898 0.0051015 
0.98011 0.0198899 
0.993365 0.00663498 
0.942309 0.0576912 
0.988028 0.011972 
0.974437 0.0255629 
0.96269 0.0373098 
0.993833 0.00616746 
0.990838 0.00916158 
0.988291 0.0117085 
0.260566 0.739434 
0.967992 0.0320082 
0.960833 0.0391666 
0.973237 0.0267629 
0.987565 0.0124351 
0.991826 0.0081737 
0.989883 0.0101173 
0.95818 0.0418198 
0.986258 0.0137424 
0.994507 0.00549274 
0.953359 0.0466413 
0.993042 0.00695768 
0.9703 0.0296995 
0.991388 0.0086118 
0.982463 0.0175373 
0.973915 0.026085 
0.998828 0.0011715 
0.980842 0.0191582 
0.99066 0.00933963 
0.983272 0.0167278 
0.988551 0.0114488 
0.932563 0.0674373 
0.98218 0.0178196 
0.990219 0.00978058 
0.985564 0.0144358 
0.978847 0.021153 
0.96931 0.0306904 
0.982945 0.0170552 
0.992637 0.0073634 
0.987821 0.0121792 
0.992241 0.00775904 
0.995819 0.00418051 
0.262988 0.737011 
0.974815 0.0251852 
0.976219 0.0237805 
0.303393 0.696607 
0.967947 0.0320528 
0.970416 0.0295842 
0.984252 0.0157479 
0.982139 0.017861 
0.950973 0.049027 
0.338701 0.6613 
0.966167 0.0338326 
0.996386 0.00361381 
0.982043 0.017957 
0.978902 0.0210977 
0.952511 0.0474887 
0.972596 0.0274039 
0.997926 0.00207375 
0.917308 0.0826916 
0.986163 0.0138374 
0.993631 0.00636922 
0.965858 0.0341418 
0.986911 0.0130886 
0.989012 0.0109875 
0.992854 0.00714588 
0.991228 0.0087725 
0.948078 0.051922 
0.267769 0.73223 
0.980542 0.0194582 
0.991087 0.0089134 
0.964818 0.0351816 
0.984873 0.0151272 
0.993363 0.00663724 
0.98592 0.0140797 
0.978258 0.0217423 
0.988911 0.0110894 
0.994797 0.00520267 
0.960513 0.0394867 
0.965916 0.0340844 
0.991673 0.0083268 
0.97159 0.0284096 
0.98668 0.0133202 
0.979522 0.0204781 
0.983624 0.016376 
0.988669 0.0113305 
0.979647 0.0203526 
0.973128 0.0268721 
0.984866 0.0151342 
0.994095 0.00590532 
0.992651 0.00734863 
0.99663 0.00336973 
0.991726 0.00827357 
0.990332 0.00966803 
0.986866 0.0131344 
0.959732 0.0402685 
0.840621 0.159379 
0.957668 0.0423319 
0.264383 0.735617 
0.94427 0.0557301 
0.293763 0.706237 
0.989061 0.0109392 
0.99735 0.00265048 
0.972536 0.027464 
0.964623 0.0353768 
0.99494 0.00506027 
0.99456 0.00543977 
0.978759 0.0212411 
0.98794 0.01206 
0.971824 0.0281764 
0.979115 0.0208851 
0.964401 0.0355994 
0.981742 0.0182578 
0.958028 0.0419717 
0.960609 0.0393906 
0.976969 0.0230306 
0.965391 0.0346085 
0.998361 0.00163937 
0.988159 0.0118409 
0.987645 0.0123545 
0.983374 0.0166262 
0.979427 0.020573 
0.978599 0.0214008 
0.992309 0.00769069 
0.26256 0.73744 
0.967577 0.0324228 
0.991819 0.00818074 
0.977647 0.0223526 
0.989662 0.0103382 
0.989961 0.0100386 
0.25514 0.74486 
0.983358 0.0166422 
0.981925 0.0180752 
0.410727 0.589273 
0.977531 0.0224686 
0.944938 0.0550625 
0.372874 0.627126 
0.915989 0.0840111 
0.993567 0.00643272 
0.989738 0.0102616 
0.994001 0.00599925 
0.980592 0.0194079 
0.989426 0.0105745 
0.992444 0.00755566 
0.96682 0.03318 
0.990135 0.00986452 
0.985276 0.0147235 
0.990623 0.00937724 
0.988169 0.0118308 
0.991083 0.00891689 
0.978301 0.021699 
0.989357 0.0106433 
0.96731 0.0326897 
0.986655 0.0133448 
0.751322 0.248678 
0.989272 0.0107278 
0.992445 0.0075553 
0.982993 0.0170074 
0.973716 0.026284 
0.983622 0.0163783 
0.982308 0.0176917 
0.975802 0.0241983 
0.991071 0.00892861 
0.95691 0.0430896 
0.957328 0.0426723 
0.9199 0.0800998 
0.983306 0.0166935 
0.983764 0.0162356 
0.26046 0.739541 
0.964705 0.0352947 
0.996 0.00399967 
0.952012 0.0479881 
0.874169 0.125831 
0.979298 0.0207022 
0.990955 0.00904453 
0.982768 0.0172324 
0.924968 0.0750322 
0.952697 0.0473026 
0.956702 0.0432977 
0.991071 0.00892894 
0.993752 0.00624819 
0.992221 0.00777892 
0.992245 0.0077546 
0.984426 0.0155744 
0.96886 0.0311402 
0.966109 0.0338913 
0.992817 0.00718322 
0.992906 0.0070943 
0.258988 0.741012 
0.994164 0.00583569 
0.98516 0.0148397 
0.992595 0.00740503 
0.963869 0.0361313 
0.983672 0.0163283 
0.983147 0.0168533 
0.956181 0.0438195 
0.499101 0.500899 
0.9041 0.0958999 
0.992168 0.00783145 
0.97564 0.0243595 
0.972608 0.0273915 
0.986908 0.0130916 
0.92859 0.0714098 
0.994895 0.00510494 
0.98758 0.0124201 
0.991015 0.00898527 
0.979378 0.0206223 
0.246144 0.753856 
0.973067 0.0269334 
0.914595 0.0854053 
0.996232 0.00376772 
0.976031 0.0239688 
0.987861 0.0121386 
0.899474 0.100526 
0.992656 0.00734378 
0.982262 0.0177375 
0.972723 0.0272765 
0.958073 0.0419273 
0.975868 0.0241317 
0.985929 0.0140708 
0.976259 0.0237409 
0.97558 0.0244196 
0.987957 0.0120427 
0.994874 0.00512565 
0.979604 0.0203955 
0.383071 0.616929 
0.997018 0.00298199 
0.945058 0.0549417 
0.99493 0.00506961 
0.985106 0.0148942 
0.978336 0.0216644 
0.976939 0.0230606 
0.979478 0.0205221 
0.973546 0.0264539 
0.968699 0.0313015 
0.270672 0.729328 
0.990938 0.00906199 
0.898295 0.101705 
0.993062 0.0069383 
0.869231 0.13077 
0.978643 0.0213566 
0.990562 0.00943828 
0.993176 0.00682386 
0.997718 0.00228236 
0.989346 0.010654 
0.977956 0.0220438 
0.93353 0.0664701 
0.983671 0.0163292 
0.966192 0.0338085 
0.990638 0.00936171 
0.993804 0.00619589 
0.976351 0.0236492 
0.43822 0.56178 
0.909194 0.0908062 
0.932872 0.067128 
0.982808 0.017192 
0.955422 0.0445775 
0.946738 0.0532617 
0.982999 0.0170006 
0.992962 0.00703817 
0.961868 0.038132 
0.28569 0.71431 
0.991669 0.00833111 
0.996999 0.00300115 
0.983965 0.0160348 
0.279117 0.720883 
0.99373 0.00626975 
0.966563 0.033437 
0.995816 0.004184 
0.991205 0.00879545 
0.994826 0.00517401 
0.987861 0.0121391 
0.984663 0.0153374 
0.984148 0.015852 
0.977895 0.0221054 
0.996042 0.00395756 
0.99503 0.00496979 
0.947757 0.0522426 
0.978343 0.0216569 
0.98232 0.0176805 
0.973707 0.0262933 
0.987659 0.0123412 
0.985596 0.014404 
0.986651 0.0133492 
0.992075 0.00792504 
0.954104 0.0458959 
0.986901 0.0130989 
0.950554 0.049446 
0.97507 0.0249299 
0.988632 0.0113681 
0.983793 0.0162072 
0.962034 0.0379658 
0.991131 0.00886946 
0.964972 0.0350277 
0.996324 0.00367555 
0.996329 0.00367104 
0.984607 0.0153935 
0.979805 0.0201948 
0.993804 0.00619613 
0.979224 0.0207763 
0.984723 0.0152767 
0.98901 0.0109901 
0.989249 0.0107509 
0.924054 0.0759462 
0.971178 0.0288223 
0.983519 0.0164815 
0.979182 0.0208178 
0.977495 0.0225055 
0.985192 0.0148081 
0.991976 0.00802393 
0.964556 0.0354441 
0.985326 0.0146739 
0.988208 0.011792 
0.989769 0.0102314 
0.9812 0.0187996 
0.993724 0.00627554 
0.997914 0.002086 
0.990293 0.00970732 
0.991256 0.00874399 
0.919259 0.0807413 
0.978697 0.0213033 
0.994305 0.00569464 
0.996317 0.00368271 
0.983562 0.0164381 
0.982877 0.0171224 
0.989252 0.0107477 
0.987094 0.0129057 
0.971742 0.0282577 
0.994199 0.0058015 
0.528008 0.471992 
0.277537 0.722463 
0.995326 0.00467433 
0.983452 0.0165474 
0.973934 0.026066 
0.945816 0.0541841 
0.989048 0.0109523 
0.973525 0.0264748 
0.970958 0.0290424 
0.985364 0.0146361 
0.901876 0.0981242 
0.987452 0.0125477 
0.274978 0.725022 
0.935712 0.0642881 
0.988224 0.011776 
0.990102 0.00989803 
0.27123 0.72877 
0.95689 0.0431102 
0.278053 0.721947 
0.962929 0.0370712 
0.986443 0.0135569 
0.964716 0.0352837 
0.971969 0.0280308 
0.98125 0.0187496 
0.98971 0.0102899 
0.997808 0.00219214 
0.977072 0.0229276 
0.975056 0.0249438 
0.995145 0.00485503 
0.966108 0.0338924 
0.975662 0.0243381 
0.966203 0.0337968 
0.991374 0.00862552 
0.986027 0.0139734 
0.986537 0.0134629 
0.933881 0.0661186 
0.299161 0.700839 
0.995203 0.00479674 
0.984227 0.0157732 
0.276909 0.723091 
0.991348 0.00865203 
0.933151 0.0668491 
0.990834 0.00916632 
0.9933 0.00669986 
0.989928 0.0100723 
0.995039 0.00496116 
0.979611 0.020389 
0.279037 0.720963 
0.985469 0.0145311 
0.992953 0.00704658 
0.985294 0.0147058 
0.987123 0.0128765 
0.95359 0.0464096 
0.98683 0.0131696 
0.996893 0.00310707 
0.978496 0.0215044 
0.272507 0.727493 
0.97818 0.0218199 
0.985105 0.0148953 
0.938165 0.0618354 
0.988042 0.0119582 
0.970437 0.029563 
0.973805 0.0261951 
0.995907 0.00409277 
0.989178 0.0108219 
0.992268 0.00773212 
0.984619 0.0153808 
0.961429 0.038571 
0.976668 0.0233317 
0.981818 0.0181824 
0.290729 0.709271 
0.987589 0.0124114 
0.986027 0.0139734 
0.973106 0.0268936 
0.976681 0.0233188 
0.969528 0.0304721 
0.998914 0.00108552 
0.968685 0.0313151 
0.979742 0.0202579 
0.99249 0.00751017 
0.983185 0.0168152 
0.994537 0.00546264 
0.992663 0.00733662 
0.988676 0.0113243 
0.980418 0.0195816 
0.978049 0.021951 
0.984789 0.0152112 
0.96598 0.0340204 
0.935379 0.0646214 
0.281284 0.718716 
0.988331 0.0116694 
0.967278 0.0327225 
0.988262 0.0117384 
0.993452 0.00654807 
0.986661 0.0133384 
0.991792 0.00820803 
0.980882 0.019118 
0.99159 0.00841024 
0.989434 0.0105657 
0.975608 0.024392 
0.96944 0.03056 
0.996297 0.00370294 
0.981971 0.0180286 
0.996368 0.00363215 
0.979741 0.0202593 
0.980068 0.0199324 
0.997684 0.00231617 
0.985579 0.0144206 
0.981219 0.0187805 
0.99547 0.00452982 
0.980431 0.0195693 
0.988454 0.0115456 
0.980193 0.0198069 
0.994981 0.00501851 
0.978957 0.0210435 
0.978113 0.0218873 
0.982574 0.0174256 
0.968867 0.0311329 
0.991484 0.00851563 
0.97121 0.0287903 
0.9648 0.0351995 
0.988771 0.0112294 
0.983829 0.0161715 
0.990601 0.00939886 
0.983541 0.0164591 
0.987288 0.0127116 
0.981212 0.0187878 
0.409204 0.590796 
0.933082 0.0669183 
0.992142 0.00785834 
0.990528 0.00947229 
0.991525 0.00847527 
0.990252 0.0097484 
0.980907 0.0190928 
0.985546 0.0144543 
0.981954 0.0180461 
0.962618 0.0373823 
0.986834 0.0131658 
0.992039 0.00796081 
0.994613 0.00538662 
0.986106 0.0138944 
0.985969 0.0140312 
0.931468 0.068532 
0.958139 0.0418615 
0.985616 0.0143842 
0.981151 0.0188493 
0.939667 0.0603333 
0.983694 0.0163059 
0.989917 0.0100826 
0.995293 0.0047067 
0.985716 0.0142844 
0.993644 0.00635579 
0.989498 0.0105021 
0.989232 0.0107675 
0.962609 0.0373911 
0.981929 0.0180706 
0.966587 0.0334133 
0.289271 0.710729 
0.983814 0.0161855 
0.991707 0.00829337 
0.993297 0.00670286 
0.979445 0.0205554 
0.995456 0.00454361 
0.997952 0.00204822 
0.268738 0.731262 
0.273638 0.726362 
0.965629 0.0343713 
0.926404 0.0735958 
0.994635 0.00536455 
0.995933 0.0040673 
0.973245 0.0267546 
0.971185 0.028815 
0.989006 0.0109942 
0.997114 0.00288583 
0.264021 0.735979 
0.995259 0.00474071 
0.990617 0.0093827 
0.98496 0.0150403 
0.838149 0.161851 
0.985205 0.0147951 
0.959703 0.0402968 
0.980445 0.0195549 
0.972351 0.0276493 
0.982126 0.0178745 
0.974725 0.0252748 
0.985233 0.0147666 
0.850569 0.14943 
0.963128 0.0368717 
0.979381 0.0206186 
0.990209 0.00979086 
0.937178 0.0628214 
0.980185 0.0198152 
0.963971 0.0360285 
0.951271 0.0487287 
0.975967 0.0240329 
0.982873 0.0171275 
0.984479 0.0155208 
0.999175 0.000825224 
0.977921 0.0220788 
0.973936 0.0260641 
0.979384 0.0206159 
0.99197 0.00803037 
0.947649 0.0523506 
0.989678 0.010322 
0.964191 0.0358086 
0.974608 0.0253917 
0.987578 0.0124219 
0.969119 0.0308809 
0.924837 0.0751633 
0.985673 0.014327 
0.97089 0.0291104 
0.97777 0.0222299 
0.973408 0.0265915 
0.991659 0.0083415 
0.993851 0.00614864 
0.288962 0.711038 
0.963219 0.0367813 
0.994719 0.00528111 
0.977556 0.0224436 
0.983001 0.016999 
0.95814 0.04186 
0.995417 0.00458346 
0.985445 0.0145546 
0.980689 0.0193105 
0.984703 0.0152973 
0.977826 0.0221742 
0.990948 0.00905233 
0.26258 0.73742 
0.986032 0.013968 
0.986017 0.0139827 
0.983875 0.0161249 
0.988019 0.0119809 
0.981876 0.0181238 
0.979844 0.0201564 
0.87174 0.12826 
0.920866 0.0791336 
0.995861 0.0041394 
0.984819 0.0151807 
0.978474 0.0215259 
0.956501 0.0434987 
0.98312 0.0168795 
0.996944 0.00305547 
0.989936 0.0100644 
0.989349 0.0106513 
0.993919 0.00608101 
0.986768 0.0132317 
0.993132 0.00686835 
0.981449 0.0185512 
0.965551 0.034449 
0.991443 0.00855713 
0.983597 0.016403 
0.997454 0.00254643 
0.829675 0.170325 
0.986765 0.0132354 
0.986774 0.0132257 
0.279882 0.720118 
0.990122 0.00987809 
0.261512 0.738488 
0.987079 0.0129215 
0.958807 0.0411935 
0.978219 0.0217807 
0.987207 0.012793 
0.980973 0.019027 
0.955855 0.0441451 
0.99358 0.00642016 
0.989448 0.0105524 
0.935962 0.064038 
0.980397 0.0196032 
0.978979 0.0210205 
0.965509 0.0344911 
0.977956 0.0220437 
0.988739 0.0112609 
0.989086 0.010914 
0.432267 0.567733 
0.954453 0.0455471 
0.923657 0.0763435 
0.982824 0.0171761 
0.980329 0.019671 
0.994818 0.00518173 
0.979398 0.0206021 
0.987217 0.0127826 
0.992342 0.00765822 
0.982194 0.0178054 
0.923006 0.0769942 
0.965378 0.0346216 
0.958641 0.0413589 
0.919367 0.0806327 
0.982865 0.0171349 
0.974059 0.0259413 
0.993728 0.00627225 
0.989988 0.0100118 
0.952417 0.0475826 
0.974362 0.0256384 
0.99408 0.00591977 
0.981816 0.0181838 
0.972339 0.027661 
0.977136 0.0228635 
0.992914 0.00708564 
0.997062 0.00293837 
0.986836 0.0131638 
0.988663 0.0113372 
0.984362 0.0156375 
0.991435 0.00856539 
0.965604 0.0343957 
0.994301 0.00569866 
0.963758 0.0362421 
0.992171 0.00782947 
0.973591 0.0264095 
0.982546 0.0174536 
0.994978 0.00502241 
0.972822 0.0271777 
0.943035 0.0569649 
0.985279 0.0147207 
0.987977 0.0120229 
0.997996 0.00200363 
0.990292 0.00970774 
0.884153 0.115847 
0.976311 0.0236886 
0.942276 0.0577243 
0.294388 0.705612 
0.977781 0.0222187 
0.98959 0.0104104 
0.948308 0.0516923 
0.99784 0.00216011 
0.984087 0.0159132 
0.966083 0.0339168 
0.995115 0.00488464 
0.991635 0.00836474 
0.96074 0.03926 
0.98612 0.0138796 
0.978857 0.0211429 
0.988263 0.011737 
0.988409 0.0115909 
0.984039 0.0159612 
0.983054 0.0169464 
0.996547 0.00345337 
0.972316 0.0276841 
0.980737 0.0192634 
0.993547 0.00645297 
0.989208 0.0107915 
0.907008 0.0929925 
0.963069 0.0369314 
0.944518 0.0554819 
0.980925 0.019075 
0.983255 0.0167449 
0.997369 0.0026308 
0.982781 0.0172191 
0.906292 0.0937078 
0.95414 0.0458604 
0.996169 0.00383125 
0.989293 0.0107066 
0.863042 0.136958 
0.976961 0.0230388 
0.963012 0.0369881 
0.987445 0.0125545 
0.982717 0.0172834 
0.986359 0.0136409 
0.959476 0.0405239 
0.964135 0.0358653 
0.918935 0.0810646 
0.995879 0.00412145 
0.989048 0.0109516 
0.990041 0.00995888 
0.988469 0.0115311 
0.99773 0.00226958 
0.987697 0.0123033 
0.974916 0.0250838 
0.991248 0.0087523 
0.987757 0.0122429 
0.992414 0.00758593 
0.970433 0.0295672 
0.989072 0.0109279 
0.994676 0.00532377 
0.993875 0.00612537 
0.987537 0.0124633 
0.972747 0.0272533 
0.970232 0.0297684 
0.974235 0.025765 
0.945905 0.054095 
0.938686 0.0613142 
0.983952 0.0160478 
0.963568 0.0364318 
0.993215 0.00678533 
0.983825 0.0161753 
0.98616 0.0138399 
0.986811 0.0131888 
0.992757 0.00724258 
0.985611 0.0143893 
0.961421 0.0385793 
0.994711 0.00528919 
0.98017 0.01983 
0.979086 0.0209138 
0.982951 0.017049 
0.989831 0.010169 
0.976244 0.0237565 
0.991024 0.00897585 
0.962384 0.037616 
0.99669 0.00330991 
0.995332 0.00466807 
0.570574 0.429426 
0.984959 0.0150413 
0.991703 0.00829709 
0.986665 0.0133351 
0.984499 0.0155005 
0.991753 0.00824725 
0.996898 0.00310229 
0.327096 0.672904 
0.989154 0.0108458 
0.302288 0.697712 
0.924011 0.0759889 
0.286339 0.713661 
0.932687 0.0673135 
0.965874 0.0341258 
0.862299 0.137701 
0.984135 0.0158649 
0.962919 0.0370814 
0.987089 0.0129106 
0.960552 0.039448 
0.995812 0.00418754 
0.985598 0.0144023 
0.989689 0.0103108 
0.982337 0.0176633 
0.267045 0.732955 
0.993343 0.00665661 
0.985735 0.0142647 
0.965412 0.0345876 
0.977662 0.0223381 
0.954429 0.045571 
0.968707 0.0312934 
0.986889 0.0131107 
0.9768 0.0231996 
0.966317 0.0336829 
0.966622 0.0333784 
0.965913 0.0340872 
0.996324 0.00367632 
0.960323 0.0396771 
0.99545 0.00454989 
0.946154 0.0538458 
0.978838 0.021162 
0.985753 0.014247 
0.977467 0.0225334 
0.99646 0.00353999 
0.981928 0.0180719 
0.982266 0.0177343 
0.787685 0.212315 
0.98295 0.0170503 
0.974239 0.0257609 
0.995413 0.00458684 
0.834802 0.165198 
0.987444 0.0125565 
0.993981 0.00601895 
0.979305 0.0206945 
0.992367 0.00763271 
0.980919 0.019081 
0.977146 0.0228538 
0.979238 0.0207622 
0.989173 0.0108266 
0.981433 0.0185673 
0.95497 0.0450297 
0.992448 0.00755171 
0.992935 0.0070653 
0.985938 0.0140625 
0.975164 0.024836 
0.992873 0.00712668 
0.994153 0.00584733 
0.977518 0.0224823 
0.982408 0.0175919 
0.981226 0.0187739 
0.981744 0.0182564 
0.987958 0.0120419 
0.984517 0.0154833 
0.990567 0.00943305 
0.979414 0.0205863 
0.980818 0.0191822 
0.969167 0.0308332 
0.981491 0.0185088 
0.986271 0.0137289 
0.985391 0.0146088 
0.715143 0.284857 
0.985029 0.0149709 
0.985317 0.0146827 
0.939273 0.0607267 
0.993094 0.00690611 
0.981879 0.0181214 
0.985316 0.0146845 
0.976872 0.0231275 
0.908991 0.0910094 
0.985399 0.0146013 
0.982623 0.0173766 
0.979216 0.0207842 
0.994273 0.00572675 
0.99484 0.00515966 
0.996493 0.00350674 
0.986742 0.0132582 
0.982488 0.0175118 
0.473262 0.526738 
0.990289 0.00971066 
0.975379 0.0246206 
0.996736 0.00326418 
0.99559 0.00441022 
0.987492 0.012508 
0.275443 0.724557 
0.974764 0.0252356 
0.991511 0.0084886 
0.989433 0.0105669 
0.979087 0.0209128 
0.993912 0.00608751 
0.968651 0.0313488 
0.372191 0.627809 
0.975811 0.0241894 
0.992554 0.00744628 
0.984518 0.015482 
0.972997 0.0270026 
0.982609 0.0173913 
0.98664 0.0133597 
0.988285 0.0117153 
0.960028 0.039972 
0.9711 0.0289003 
0.964088 0.0359123 
0.983897 0.0161032 
0.856912 0.143088 
0.983271 0.0167288 
0.982306 0.0176938 
0.968775 0.0312254 
0.972815 0.0271845 
0.955202 0.044798 
0.903612 0.0963884 
0.994221 0.00577923 
0.972562 0.0274376 
0.987928 0.012072 
0.984196 0.0158039 
0.480296 0.519704 
0.994142 0.00585763 
0.995265 0.00473463 
0.986722 0.0132778 
0.97414 0.0258602 
0.987364 0.0126362 
0.985173 0.0148272 
0.996112 0.00388818 
0.977533 0.0224673 
0.98825 0.0117495 
0.993225 0.00677514 
0.997975 0.00202466 
0.97718 0.0228197 
0.980323 0.0196774 
0.988944 0.0110564 
0.981207 0.0187931 
0.99482 0.00517979 
0.946364 0.0536361 
0.987033 0.0129667 
0.900006 0.0999939 
0.991915 0.0080847 
0.97473 0.0252697 
0.985645 0.0143551 
0.964647 0.035353 
0.989216 0.0107839 
0.985157 0.0148432 
0.991474 0.00852618 
0.976184 0.0238162 
0.97617 0.0238299 
0.991105 0.00889475 
0.971213 0.0287869 
0.97637 0.0236301 
0.999262 0.000737865 
0.273652 0.726348 
0.977773 0.0222268 
0.988443 0.0115568 
0.972741 0.0272587 
0.637797 0.362203 
0.978523 0.0214766 
0.977913 0.0220872 
0.939249 0.0607505 
0.972263 0.0277374 
0.970783 0.0292172 
0.906684 0.0933157 
0.97092 0.0290801 
0.984818 0.0151816 
0.993519 0.00648051 
0.958991 0.0410086 
0.952696 0.047304 
0.994434 0.00556598 
0.993173 0.00682662 
0.987149 0.0128513 
0.453396 0.546604 
0.991693 0.00830744 
0.988319 0.0116811 
0.939412 0.0605882 
0.984471 0.0155287 
0.243123 0.756877 
0.937803 0.0621971 
0.975414 0.0245856 
0.993964 0.00603646 
0.245117 0.754883 
0.991797 0.00820291 
0.993167 0.00683298 
0.991371 0.00862877 
0.985852 0.0141484 
0.995761 0.00423918 
0.94937 0.0506295 
0.996018 0.00398194 
0.987883 0.0121173 
0.986789 0.013211 
0.995683 0.00431733 
0.974392 0.0256076 
0.990059 0.00994063 
0.993191 0.0068092 
0.953503 0.0464965 
