0.0639366 
0.0647226 
0.0560257 
0.0802578 
0.0565098 
0.061593 
0.0564433 
0.0568223 
0.0560853 
0.0605886 
0.0565655 
0.0570513 
0.0561712 
0.056349 
0.0573068 
0.147195 
0.0565257 
0.0571887 
0.0643493 
0.0897448 
0.0570896 
0.0641638 
0.06719 
0.0560265 
0.0593215 
0.0587384 
0.0578849 
0.0564008 
0.0573168 
0.0596987 
0.0563424 
0.507741 
0.0625974 
0.0597032 
0.0560196 
0.0588305 
0.0561231 
0.0619999 
0.0632963 
0.0638428 
0.0571512 
0.0561068 
0.0625714 
0.0560966 
0.153543 
0.0645072 
0.0577038 
0.0566672 
0.504539 
0.0581703 
0.0562792 
0.0708505 
0.0713296 
0.056927 
0.06275 
0.0563427 
0.0657791 
0.0831586 
0.0595774 
0.0905197 
0.0625438 
0.0560144 
0.0863113 
0.0863661 
0.0655995 
0.0561078 
0.16185 
0.0590382 
0.0561724 
0.0623301 
0.0627472 
0.0561007 
0.065813 
0.0562273 
0.057578 
0.0609809 
0.0560155 
0.0631305 
0.056662 
0.147075 
0.0933767 
0.0578311 
0.059118 
0.0609707 
0.0589164 
0.0568355 
0.0639444 
0.0595481 
0.0574453 
0.0569876 
0.510739 
0.058911 
0.0587858 
0.0568238 
0.706872 
0.0592694 
0.501039 
0.0642373 
0.0620919 
0.0578361 
0.0564866 
0.0560061 
0.0587154 
0.0580221 
0.0880425 
0.0564874 
0.0571188 
0.0573181 
0.0578508 
0.0595205 
0.057351 
0.0585263 
0.0564584 
0.0677957 
0.0623778 
0.0560015 
0.0572794 
0.079303 
0.0589064 
0.0565468 
0.0560632 
0.0561169 
0.0561608 
0.0578558 
0.0583566 
0.0562648 
0.241209 
0.0560926 
0.0609998 
0.0882994 
0.501858 
0.0561862 
0.060117 
0.0563687 
0.103872 
0.0679536 
0.0562435 
0.0574345 
0.0691384 
0.0622331 
0.0611353 
0.0737855 
0.0703415 
0.056065 
0.0768873 
0.056576 
0.0563435 
0.0568867 
0.098202 
0.0561919 
2.00731 
0.554254 
0.074755 
0.0560298 
0.0740385 
0.0564422 
0.0747541 
0.0560723 
0.0560925 
0.0814481 
0.0569068 
0.057433 
0.0574244 
0.0561905 
0.0629506 
0.0597646 
0.069976 
0.0575592 
0.0567761 
0.0567809 
0.0581206 
0.0561299 
0.0560487 
0.0560025 
0.514073 
0.0750655 
0.0560034 
0.0635365 
0.0595535 
0.0566347 
0.0560661 
0.0562641 
0.0576296 
0.0560127 
0.152793 
0.0561017 
0.0565603 
0.0564072 
0.057592 
0.0571658 
0.0611995 
0.105298 
0.0861377 
0.0563404 
0.056756 
0.0756271 
0.139518 
0.056213 
0.0561209 
0.0641288 
0.0579317 
0.0651131 
0.0675745 
0.0560805 
0.0959135 
0.505085 
0.158343 
0.0561458 
0.060718 
0.0563117 
0.0676301 
0.0630209 
0.0565305 
0.0676416 
0.0569479 
0.056132 
0.0576212 
0.0571624 
0.0589351 
0.05753 
0.0589314 
0.0569215 
0.0619053 
0.056023 
0.0567373 
0.0564472 
0.0625472 
0.0619 
0.0574484 
0.0648682 
0.0631664 
0.0576887 
0.0645459 
0.501324 
0.0588414 
0.0601177 
0.0623725 
0.0585188 
0.056386 
0.0568139 
0.0603999 
0.0560162 
0.058973 
0.0584802 
0.0706839 
0.0592586 
0.0623066 
0.0649542 
0.0608608 
0.0606576 
0.0562699 
0.0579556 
0.0574597 
0.056653 
0.0632001 
0.0717583 
0.0684723 
0.0731369 
0.0560313 
0.0708214 
0.0575136 
0.0614947 
0.06188 
0.0702204 
0.070981 
0.0685603 
0.0622033 
0.0578135 
0.497003 
0.0566231 
0.0568901 
0.0566345 
0.0604635 
0.0560212 
0.0561338 
0.0751735 
0.062085 
0.0605266 
0.0577911 
0.0584178 
0.0565581 
0.0589244 
0.0564315 
0.688057 
0.152984 
0.0612855 
0.0600015 
0.0587528 
0.0562839 
0.0595465 
0.0669599 
0.0566597 
0.0564422 
0.0653615 
0.165543 
0.0561812 
0.0614072 
0.633266 
0.056666 
0.0612695 
0.0562656 
0.0745647 
0.0602667 
0.0639923 
0.0709607 
0.0795798 
0.056209 
0.0917517 
0.0625753 
0.927555 
0.0578235 
0.0564199 
0.0580342 
0.0747678 
0.0564914 
1.81275 
0.0564761 
0.0700248 
0.0569872 
0.068449 
0.0570524 
0.494775 
0.0681884 
0.093115 
0.0570877 
0.509266 
0.0638036 
0.0601509 
0.0876847 
0.0561754 
0.0592909 
0.0560041 
0.0560035 
0.497387 
0.0577419 
0.0646316 
0.0565671 
0.0561111 
0.0565426 
0.0613586 
0.0807314 
0.0721621 
0.0577267 
0.0563167 
0.0568991 
0.0561398 
0.0567221 
0.0578171 
0.0933629 
0.0561117 
0.0571244 
0.0560021 
0.0568287 
0.057615 
0.0560913 
0.0734802 
0.0609206 
0.0560713 
0.0598851 
0.0761241 
0.512689 
0.0873627 
0.0588166 
0.0877049 
0.0566171 
0.279363 
0.0560028 
0.0570844 
0.0612157 
0.0569664 
0.0645135 
0.0629518 
0.0614023 
0.0565102 
0.0575319 
0.0987123 
0.183378 
0.0779132 
0.0613228 
0.0882193 
0.0567636 
0.0666168 
0.0596541 
0.0586584 
0.0573945 
0.0631625 
0.0610945 
0.0561823 
0.0585835 
0.056912 
0.0824125 
0.0604397 
0.163473 
0.515793 
0.0561984 
0.0583053 
0.0670555 
0.0562341 
0.0594717 
0.0694165 
0.497456 
0.0579866 
0.0561508 
0.0595966 
0.0606058 
0.0562754 
0.0655544 
0.988587 
0.0569383 
0.0563203 
0.0587941 
0.0561062 
0.196659 
0.0590293 
0.0576506 
0.0943811 
0.0560089 
0.0560102 
0.056089 
0.0573697 
0.0737493 
0.0565814 
0.056043 
0.0561303 
0.0560442 
0.058376 
0.0583505 
0.0583761 
0.0573179 
0.0726735 
0.066862 
0.0592799 
0.0567473 
0.0568385 
0.056443 
0.0581161 
0.0567506 
0.0741095 
0.0568489 
0.0560168 
0.0567434 
0.0563984 
0.0589617 
0.0578925 
0.0586675 
0.175166 
0.0630136 
0.0701154 
0.0578216 
0.0702539 
0.0884263 
0.0677026 
0.0572433 
0.0560459 
0.770632 
0.0590642 
0.0593992 
0.0694341 
0.0658209 
0.0764481 
0.0664258 
0.0567853 
0.0560182 
0.0561396 
0.496264 
0.0560653 
0.0560227 
0.0607272 
0.0560155 
0.0560728 
0.0561913 
0.492702 
0.0619754 
0.0574896 
0.0567157 
0.059656 
0.0570659 
0.058206 
0.0565365 
0.0592869 
0.0584605 
0.0563648 
0.0588726 
0.094853 
0.0581875 
0.0593468 
0.0598554 
0.0563333 
0.0653168 
0.0614226 
0.0666937 
0.0573116 
0.0808266 
0.069068 
0.0599115 
0.0565302 
0.0580508 
0.0561639 
0.0612062 
0.143895 
0.0560557 
0.0563461 
0.0560219 
0.058455 
0.0758334 
0.0598443 
0.069291 
0.0564462 
0.0562081 
0.090013 
0.0630115 
0.0562657 
0.0561561 
0.0624148 
0.0592947 
0.0573229 
0.0602837 
0.0584203 
0.0628165 
0.0564166 
0.0592235 
0.056012 
0.057309 
0.0849846 
0.0570677 
0.124338 
0.0634131 
0.0561934 
0.0589483 
0.0685491 
0.0560024 
0.0562346 
0.0830775 
0.0563454 
0.0561919 
0.106956 
0.0568282 
0.0563041 
0.0573478 
0.0611033 
0.0560089 
0.0571824 
0.062243 
0.0760795 
0.056713 
0.0586173 
0.0566752 
0.0564568 
0.0571905 
0.0617016 
0.0668625 
0.0561158 
0.0562549 
0.056802 
0.0560953 
0.0640479 
0.0691334 
0.0560689 
0.0578341 
0.513078 
0.0565441 
0.0564832 
0.0605898 
0.0684076 
0.085096 
0.0788129 
0.0644879 
0.056414 
0.0571013 
0.0830724 
0.0567066 
0.0778492 
0.0638454 
0.0815819 
0.0631388 
0.0562344 
0.0749533 
0.0691458 
0.0563139 
0.0583973 
0.0618493 
0.056364 
0.0617083 
0.056061 
0.065143 
0.0560693 
0.0676021 
0.0592227 
0.0748586 
0.060354 
0.0578757 
0.0562574 
0.0581102 
0.0560592 
0.0698196 
0.0594271 
0.111746 
0.0562433 
0.0826459 
0.0572051 
0.0657855 
0.0560865 
0.0603507 
0.905426 
0.0807389 
0.0563835 
0.504459 
0.0568089 
0.0608562 
0.499148 
0.0560116 
0.083886 
0.060667 
0.0570443 
0.0628247 
0.208014 
0.0638743 
0.0586718 
0.0560116 
0.0748808 
0.0709939 
0.0560345 
0.0585349 
0.0561139 
0.0602308 
0.059219 
0.0570987 
0.0581065 
0.0561124 
0.110577 
0.06566 
0.0609272 
0.0563024 
0.056088 
0.058255 
0.0565577 
0.0600579 
0.0579132 
0.0560044 
0.0639771 
0.0631803 
0.0706469 
0.0590773 
0.0660186 
0.0583054 
0.0725123 
0.0753957 
0.0560648 
0.0873741 
0.074407 
0.0629588 
0.238095 
0.0560056 
0.0560224 
0.0562645 
0.0563571 
0.0585629 
0.0577207 
0.499736 
0.0874913 
0.0566423 
0.0653771 
0.0560019 
0.0643695 
0.0569372 
0.0579015 
0.0575295 
0.0615262 
0.0561958 
0.499734 
0.148871 
0.0565951 
0.056856 
0.0628143 
0.0570155 
0.0562772 
0.0585806 
0.0572214 
0.0670747 
0.0613547 
0.0570658 
0.0566451 
0.112935 
0.0560187 
0.0820986 
0.0906554 
0.0695483 
0.0562325 
0.0774401 
0.0571418 
0.0680827 
0.0569064 
0.05617 
0.497518 
0.0569711 
0.0621483 
0.0688164 
0.0730297 
0.0567585 
0.0567356 
0.0601816 
0.679581 
0.0868372 
0.0560751 
0.0772462 
0.063037 
0.13312 
0.0687398 
0.057673 
0.0684089 
0.0750087 
0.0560366 
0.062306 
0.0574312 
0.0638132 
0.056535 
0.0627277 
0.0606848 
0.0573366 
0.0561449 
0.0562094 
0.0582584 
0.0668901 
0.0756403 
0.0576951 
0.0560263 
0.0578329 
0.0560624 
0.0562305 
0.0644897 
0.0608421 
0.0753542 
0.0579717 
0.0601262 
0.0563004 
0.0999303 
0.0573396 
0.064496 
0.501333 
0.0599367 
0.0560895 
0.0574034 
0.056166 
0.05723 
0.0573093 
0.497079 
0.0573794 
0.0630341 
0.0595572 
0.0563625 
0.0584482 
0.0584282 
0.0659077 
0.0591614 
0.0583364 
0.060134 
0.0720495 
0.06643 
0.0584617 
0.0766784 
0.0567234 
0.0571436 
0.0567521 
0.0566826 
0.0616948 
0.057541 
0.057236 
0.0740468 
0.0628618 
0.0931706 
0.0611799 
0.0631377 
0.0573623 
0.0590211 
0.0560827 
0.0560027 
0.063317 
0.0593992 
0.0561174 
0.0561947 
0.0605995 
0.0560482 
0.0586627 
0.058176 
0.0615733 
0.056266 
0.0785317 
0.0577044 
0.0582178 
0.0573171 
0.0565172 
0.0632106 
0.059501 
0.0728317 
0.058933 
0.0620906 
0.17581 
0.0674518 
0.0582632 
0.0561051 
0.0605575 
0.0628141 
0.0583441 
0.0685382 
0.0561184 
0.0571625 
0.10894 
0.0627904 
0.058314 
0.0711482 
0.0594484 
0.130909 
0.0566065 
0.151165 
0.0579729 
0.057328 
0.0562457 
0.0636913 
0.0562298 
0.0560086 
0.0654582 
0.0561432 
0.0603301 
0.256976 
0.0591963 
0.0742271 
0.0798296 
0.0631415 
0.50643 
0.0568383 
0.0593197 
0.0581694 
0.0590778 
0.0688597 
0.0560291 
0.0562266 
0.0599182 
0.0673895 
0.056576 
0.0590113 
0.0589105 
0.0565243 
0.0740282 
0.0606715 
0.534219 
0.0567203 
0.0592004 
0.0560927 
0.0586599 
0.0589155 
0.0562253 
0.0638571 
0.0707485 
0.0726473 
0.50575 
0.0561856 
0.347947 
0.0617264 
0.0568283 
0.0564044 
0.0568175 
0.0570504 
0.0646515 
0.0632614 
0.0560304 
0.0660109 
0.0564246 
0.0569492 
0.056007 
0.0574728 
0.056468 
0.0650014 
0.0708078 
0.0573056 
0.094117 
0.0568077 
0.508261 
0.059873 
0.0560388 
0.059289 
0.0562356 
0.0568559 
0.0572476 
0.0585932 
0.0560466 
0.0592675 
0.0620323 
0.0579245 
0.063186 
0.0587284 
0.0614446 
0.103748 
0.056404 
0.0560221 
0.0583545 
0.0598094 
0.0802343 
0.53851 
0.0561256 
0.0718834 
0.056647 
0.056198 
0.065116 
0.0573041 
0.499971 
0.0656788 
0.505663 
0.0658577 
0.0560042 
0.0560288 
0.056952 
0.0570007 
0.0560339 
0.0950931 
0.0575044 
0.0561897 
0.0560941 
0.500514 
0.0659082 
0.0793983 
0.0749267 
0.066416 
0.0577611 
0.05629 
0.0561483 
0.0568014 
0.0572149 
0.0641506 
0.0600582 
0.499914 
0.0560266 
0.0657924 
0.0570309 
0.0561457 
0.0560678 
0.0673711 
0.0578782 
0.0625023 
0.0677992 
0.0570079 
0.0560208 
0.0560022 
0.0646633 
0.0645924 
0.0569633 
0.0572578 
0.0572384 
0.0575114 
0.0593008 
0.497046 
0.0580576 
0.0736605 
0.0577989 
0.0850891 
0.0771738 
0.0603873 
0.0561511 
0.0564606 
0.065554 
0.0583484 
0.0563839 
0.0605195 
0.0661854 
0.0773171 
0.0576383 
0.0574171 
0.0603752 
0.0561919 
0.0562115 
0.064465 
0.0563958 
0.0598829 
0.0565004 
0.0570986 
0.0562347 
0.061005 
0.0560841 
0.0560033 
0.131518 
0.0565518 
0.0596383 
0.0571975 
0.0560289 
0.0703774 
0.0616084 
0.060075 
0.0587265 
0.0927697 
0.062266 
0.0589486 
0.0619486 
0.114785 
0.0680389 
0.0664714 
0.0729134 
0.0692766 
0.0606293 
0.501382 
0.0588273 
0.0654379 
0.0588313 
0.0577877 
0.0562409 
0.124401 
0.0565756 
0.0566699 
0.0566269 
0.0679987 
0.0582454 
0.065571 
0.0574302 
0.056672 
0.0560332 
0.0567902 
0.0633026 
0.0640091 
0.056823 
0.0633006 
0.0563913 
0.199084 
0.0766692 
0.0572371 
0.0577012 
0.0560017 
0.060333 
0.0561646 
0.0708263 
0.0560057 
0.0740735 
0.0562526 
0.0588027 
0.0573226 
0.0594448 
0.512003 
0.0640274 
0.0560055 
0.0560978 
0.0563326 
0.0565579 
0.056483 
0.0751565 
0.0562591 
0.0583838 
0.0560726 
0.0560753 
0.0565991 
0.0985591 
0.0573857 
0.057432 
0.0560017 
0.0583122 
0.056315 
0.0560762 
0.503927 
0.0663849 
0.0560189 
0.0564246 
0.0804634 
0.0562149 
0.0561547 
0.0571264 
0.0737035 
0.135731 
0.0672969 
0.0569548 
0.0759557 
0.0592772 
0.113222 
0.0561731 
0.0720813 
0.0566729 
0.0573057 
0.0567969 
0.0579666 
0.0629999 
0.0573065 
0.0849302 
0.0803502 
0.0617041 
0.062577 
0.0669111 
0.0666003 
0.0568799 
0.0595116 
0.17185 
0.0576698 
0.0565627 
0.0697815 
0.0566774 
0.505701 
0.0875176 
0.088619 
0.0561252 
0.0650506 
0.0619109 
0.0613418 
0.0579936 
0.0861932 
0.0565453 
0.0574229 
0.0678305 
0.0594742 
0.0948571 
0.0569049 
0.0594409 
0.0599992 
0.0579004 
0.0639843 
0.0608595 
0.124015 
0.0561109 
0.0560209 
0.71137 
0.0563012 
0.0705794 
0.058949 
0.0678104 
0.137223 
0.062164 
0.503909 
0.0848324 
0.0687126 
0.0779852 
0.0618594 
0.0577974 
0.0618912 
0.0560621 
0.0665605 
0.0579089 
0.0593688 
0.0572671 
0.0616024 
0.130609 
0.0772514 
0.0561284 
0.063528 
0.0652434 
0.0619565 
0.507854 
0.0560533 
0.057512 
0.0573996 
0.0568181 
0.0560018 
0.0650508 
0.0571086 
0.0560616 
0.0608408 
0.142397 
0.0616394 
0.0560674 
0.0587764 
0.0582008 
0.0608149 
0.056704 
0.0582472 
0.0631643 
0.0565945 
0.513482 
0.286634 
0.0572703 
0.0918089 
0.0638022 
0.0566273 
0.0604641 
0.130037 
0.0585172 
0.0565141 
0.0564721 
0.0608872 
0.0677853 
0.297541 
0.0704109 
0.0569213 
0.0837793 
0.056009 
0.0674897 
0.0560406 
0.0572676 
0.0572942 
0.0561619 
0.0563726 
0.0606036 
0.0649158 
0.0562731 
0.118683 
0.0562508 
0.056671 
0.0562647 
0.0573966 
0.0569083 
0.0560735 
0.0853484 
0.0567164 
0.079423 
0.0588505 
0.0563803 
0.0705546 
0.0560045 
0.056152 
0.0581773 
0.0614172 
0.135812 
0.0647268 
0.0562778 
0.0932463 
0.0585557 
0.056417 
0.0571821 
0.0570504 
0.0564436 
0.0625206 
0.0564674 
0.677097 
0.0612665 
0.114082 
0.0719904 
0.0624396 
0.0740796 
0.0578303 
0.0566644 
0.0584138 
0.0566024 
0.49484 
0.497099 
0.0596415 
0.0716457 
0.0563547 
0.0921858 
0.0568437 
0.0563667 
0.0764201 
0.0566166 
0.0571973 
0.0569814 
0.151113 
0.0560708 
0.0584391 
0.0565409 
0.0663468 
0.0666866 
0.0685545 
0.0564892 
0.0795827 
0.50868 
0.0744557 
0.0611082 
0.0560425 
0.0576265 
0.0608825 
0.0564352 
0.0732028 
0.0806713 
0.0590213 
0.0560078 
0.0560774 
0.0561159 
0.056696 
0.0689638 
0.0569347 
0.0562005 
0.496519 
0.0568302 
0.0605294 
0.112128 
0.501665 
0.0562376 
0.079425 
0.056033 
0.0597265 
0.0560017 
0.0784833 
0.0584353 
0.0560207 
1.60449 
0.0620711 
0.0674188 
0.057555 
0.0728141 
0.0649782 
0.063464 
0.0618203 
0.140284 
0.0562098 
0.0565964 
0.0763816 
0.0928209 
0.498456 
0.0560071 
0.0661483 
0.0564481 
0.0560022 
0.0566431 
0.0730983 
0.060771 
0.0588771 
0.0599609 
0.0601548 
0.0577732 
0.0561143 
0.0572426 
0.0582081 
0.060636 
1.19728 
0.0817715 
0.120282 
0.0748655 
0.0623238 
0.0579418 
0.0563466 
0.0563478 
0.0817092 
0.0572729 
0.0645404 
0.108646 
0.0604893 
0.0572969 
0.056002 
0.073389 
0.0562432 
0.05674 
0.0580812 
0.116918 
0.0565017 
0.0560875 
0.0566611 
0.056697 
0.0588266 
0.077761 
0.0597348 
0.118998 
0.0740428 
0.0583696 
0.0651554 
0.0578143 
0.073531 
0.570347 
0.0626184 
0.0563498 
0.0562475 
0.0902575 
0.0560019 
0.056021 
0.0615991 
0.0696438 
0.0560978 
0.0612014 
0.0571419 
0.0627114 
0.056134 
0.0564574 
0.0667143 
0.0581511 
0.0560613 
0.0561582 
0.0602936 
0.0564209 
0.101243 
0.0561554 
0.0561497 
0.0561422 
0.0601332 
0.0587808 
0.0576026 
0.0573809 
0.0771546 
0.0560757 
0.0574751 
0.0579359 
0.059576 
0.0577423 
0.0887911 
0.507068 
0.0590649 
0.0586244 
0.0606836 
0.0585108 
0.0562282 
0.0564877 
0.0561284 
0.0625989 
0.0627144 
0.0638803 
0.0568469 
0.0586901 
0.0560381 
0.0569655 
0.0713918 
0.0583597 
0.512088 
0.102411 
0.056142 
0.0625041 
0.078476 
0.0939308 
0.0646464 
0.575272 
0.0610843 
0.0562434 
0.0580803 
0.508599 
0.0562454 
0.0583946 
0.0583706 
0.0867841 
0.508875 
0.509798 
0.0587104 
0.504501 
0.0562987 
0.507339 
0.0560077 
0.0578036 
0.0695034 
0.0587733 
0.0664917 
0.0854644 
0.0594986 
0.0574031 
0.0568157 
0.0822611 
0.0571859 
0.0561277 
0.496624 
0.0586677 
0.0636991 
0.0572602 
0.0565559 
0.0755229 
0.0593126 
0.0591082 
0.0560806 
0.0560067 
0.0763406 
0.0563048 
0.0561447 
0.0568181 
0.0625157 
0.0570139 
0.0561711 
0.0575334 
0.0760094 
0.0569398 
0.0568672 
0.0681877 
0.0565631 
0.0576834 
0.0664635 
0.0615196 
0.505467 
0.252631 
0.0627357 
0.0570031 
0.532503 
0.05976 
0.0560207 
0.0639182 
0.061382 
0.0560038 
0.0594909 
0.0660604 
0.0560122 
0.0561586 
0.0740554 
0.05697 
0.0598223 
0.0560067 
0.0625368 
0.0562001 
0.0570979 
0.0901431 
0.0576379 
0.0561066 
0.064366 
0.0563508 
0.0560522 
0.0673558 
0.058764 
0.0563772 
0.0570362 
0.0582997 
0.0758689 
0.0754195 
0.0566486 
0.0631558 
0.0673956 
0.0614649 
0.0589116 
0.080584 
0.0580925 
0.0924883 
0.0560338 
0.0568102 
0.0565694 
0.0567702 
0.0644939 
0.0678982 
0.0561631 
0.0613142 
0.056764 
0.0561466 
0.056005 
0.0623032 
0.0561072 
0.0719548 
0.0561842 
0.0616798 
0.0561508 
0.0562458 
0.0797654 
0.0597869 
0.0574339 
0.0577668 
0.0565425 
0.0600555 
0.0627364 
0.211364 
0.0579823 
1.62521 
0.0561187 
0.0578306 
0.0577012 
0.490643 
0.500289 
0.0561441 
0.0746583 
0.0560884 
0.0585657 
0.070209 
0.0560017 
0.0624006 
0.0560029 
0.0567439 
0.0575409 
0.0712682 
0.0576719 
0.0595478 
0.0560269 
0.056095 
0.0560289 
0.0560152 
0.0659732 
0.0569169 
0.0667992 
0.0953803 
0.056046 
0.0563306 
0.0673995 
0.0612724 
0.0564197 
0.0561385 
0.0925649 
0.0618834 
0.0707024 
0.0561025 
0.0748344 
0.061906 
0.0561651 
0.0561309 
0.0608589 
0.209137 
0.0819868 
0.0652781 
0.106923 
0.0622127 
0.0579558 
0.0566359 
0.0624398 
0.0643177 
0.0608445 
0.057627 
0.0574969 
0.0603755 
0.0671263 
0.0639647 
0.0885019 
0.502725 
0.0773291 
0.0596039 
0.0594622 
0.0570527 
0.0563919 
0.0664247 
0.0689524 
0.0560261 
0.0605473 
0.060783 
0.0569919 
0.0601395 
0.0571321 
0.496431 
0.0616209 
0.0679245 
0.0776864 
0.0596907 
0.872037 
0.0567418 
0.0580981 
0.0796168 
0.0598971 
0.0560125 
0.0561442 
0.0560289 
0.0740557 
0.0573868 
0.0635138 
0.0572071 
0.0565976 
0.0561658 
0.0587188 
0.0663455 
0.0560016 
0.0572334 
0.121496 
0.0666801 
0.0665891 
0.057797 
0.0570825 
0.0584292 
0.056018 
0.0560042 
0.0668661 
0.0562225 
0.0581758 
0.0560326 
0.0560045 
0.0564178 
0.0563154 
0.0592669 
0.0789875 
0.0639989 
0.0585666 
0.0561559 
0.0565404 
0.114099 
0.0651576 
0.0581736 
0.0589896 
0.0571189 
0.0573452 
0.0561253 
0.0564014 
0.058281 
0.0938276 
0.0716245 
0.0576074 
0.0592485 
0.0560185 
0.0560984 
0.0588148 
0.0575676 
0.0567416 
0.0585065 
0.0931255 
0.0690967 
0.066701 
0.0565073 
0.0684718 
0.0560868 
0.0615736 
0.0613189 
0.0560184 
0.14431 
0.0585687 
0.0560103 
0.058285 
0.503284 
0.0696122 
0.0638078 
0.0857518 
0.0570705 
0.0560457 
0.0566022 
0.515682 
0.0587301 
0.0560202 
0.0571311 
0.0581625 
0.0599115 
0.0619775 
0.0657837 
0.0564453 
0.0560342 
0.0590639 
0.064701 
0.0594655 
0.520966 
0.118219 
0.0568416 
0.0748365 
0.06168 
0.0647511 
0.0561016 
0.0615497 
0.219191 
0.0628156 
0.0564215 
0.0566986 
0.0593867 
0.0564088 
0.0560071 
0.49696 
0.0684805 
0.0570522 
0.0631979 
0.0576141 
0.064444 
0.57444 
0.0611149 
0.056165 
0.0789097 
0.0563565 
0.068002 
0.0588866 
0.0561177 
0.0610617 
0.0602259 
0.0630319 
0.0588743 
0.07518 
0.0659758 
0.0561876 
0.0589456 
0.0562439 
0.496857 
0.0592488 
0.0639881 
0.0777959 
0.0822112 
0.0560535 
0.0603464 
0.059221 
0.0564169 
0.0584381 
0.504958 
0.0629159 
0.0572366 
0.0561338 
0.0567011 
0.0567779 
0.0572408 
0.0689946 
0.063528 
0.0587416 
0.0560322 
0.0589022 
0.0566835 
0.0560027 
0.0571426 
0.0561096 
0.0817831 
0.0600292 
0.0560487 
0.0595964 
0.0570995 
0.0563055 
0.0570523 
0.05848 
0.071201 
0.0784175 
0.0725597 
0.0582952 
0.0560359 
0.0627109 
0.0593254 
0.056213 
0.0640449 
0.0709031 
0.0566224 
0.0560247 
0.0560067 
0.0576462 
0.0562029 
0.0696096 
0.0567559 
0.0573551 
0.0565085 
0.0587936 
0.0560699 
0.0561129 
0.0568627 
0.0571483 
0.503851 
0.0609998 
0.0560264 
0.0581498 
0.0566228 
0.0691019 
0.0590948 
0.0600088 
0.0592416 
0.0560123 
0.08425 
0.0568378 
0.056952 
0.0621944 
0.0564535 
0.0608009 
0.0639129 
0.0573287 
0.058626 
0.0560164 
0.056094 
0.0585581 
0.0560591 
0.0653833 
0.0597155 
0.0562146 
0.0564068 
0.0670718 
0.892036 
0.0641656 
0.212555 
0.0560347 
0.0601791 
0.0739004 
0.0561625 
0.0773346 
0.0574985 
0.0623918 
0.057936 
0.49972 
0.0560044 
0.0592537 
0.350662 
0.0694743 
0.0563313 
0.0570426 
0.0563873 
0.0834062 
0.0562237 
0.060574 
0.501031 
0.0755864 
0.527288 
0.056208 
0.0615014 
0.0567567 
0.0612528 
0.0593205 
0.0725444 
0.057729 
0.0561182 
0.0574021 
0.0816044 
0.0560074 
0.0659816 
0.51401 
0.0639111 
0.0773766 
0.0614973 
0.0564555 
0.0775626 
0.0560155 
0.0561793 
0.0844866 
0.0560469 
0.0576986 
0.06272 
0.0560071 
0.0571067 
0.0830566 
0.0567835 
0.0590024 
0.684181 
0.0562058 
0.0602685 
0.0561353 
0.0677987 
0.0562614 
0.0569407 
0.0715283 
0.0561079 
0.0858017 
0.0573185 
0.0663675 
0.11809 
0.0570314 
0.0561208 
0.056024 
1.98823 
0.0610274 
0.0719184 
0.0670295 
0.0665704 
0.0724305 
0.0602551 
0.0624379 
0.0561095 
0.0561118 
0.0570551 
0.0575794 
0.058735 
0.142209 
0.0578353 
0.0570916 
0.0567454 
0.171659 
0.0785602 
0.0589639 
0.0563788 
0.107462 
0.0592134 
0.0569534 
0.0563558 
0.0560645 
0.0708328 
0.0593656 
0.0561948 
0.058725 
0.0581345 
0.0582828 
0.0570377 
0.0694874 
0.056019 
0.064159 
0.0582312 
0.0577052 
0.0715402 
0.0570246 
0.0632121 
0.0560197 
0.0625707 
0.0575063 
0.0869958 
0.0588408 
0.494562 
0.0563084 
0.0562508 
0.0585539 
0.507249 
0.0563959 
0.0561826 
0.0858401 
0.0560061 
0.0565405 
0.0562307 
0.0602847 
0.0569791 
0.0569991 
0.0582442 
0.0563179 
0.0610366 
0.0921437 
0.0634312 
0.081296 
0.0575265 
0.0560497 
0.0641143 
0.0561219 
0.0722644 
0.0564954 
0.0560052 
0.0963137 
0.0565962 
0.0573509 
0.0609727 
0.111853 
0.0571875 
0.0563733 
0.0711786 
0.056017 
0.0575694 
0.0565768 
0.0565411 
0.0592289 
0.0560413 
0.0560825 
0.0560041 
0.144354 
0.063641 
0.0634761 
0.056467 
0.0929995 
0.0560309 
0.0635875 
0.0560768 
0.0563525 
0.0575455 
0.0620333 
0.146189 
0.0563985 
0.0569888 
0.0638356 
0.056713 
0.0564667 
0.0655752 
0.0568772 
0.0666775 
0.0702747 
0.0635794 
0.0567139 
0.0605537 
0.0562993 
0.0572816 
0.0561027 
0.0643632 
0.0565978 
0.0597695 
0.0560113 
0.0568524 
0.0576698 
0.0560127 
0.0563216 
0.0607364 
0.0687111 
0.0686405 
0.0571012 
0.0562586 
0.0622969 
0.0629109 
0.0585377 
0.0561712 
0.0800302 
0.0586276 
0.0598297 
0.0580216 
0.0561256 
0.0561231 
0.0566455 
0.0595486 
0.536489 
0.0615392 
0.0651115 
0.069929 
0.0561717 
0.056457 
0.218729 
0.0618172 
0.0567538 
0.0675951 
0.0583426 
0.0574135 
0.0564723 
0.0655574 
0.056035 
0.0617235 
0.0677742 
0.0592748 
0.0583107 
0.0625781 
0.0568315 
0.0606359 
0.0622275 
0.0678928 
0.351358 
0.0582681 
0.0608056 
0.0586674 
0.0582748 
0.0635508 
0.056639 
0.0569707 
0.0569428 
0.0560197 
0.0613445 
0.0564974 
0.0570458 
0.0566968 
0.0594222 
0.0600243 
0.0607499 
0.0683362 
0.0589105 
0.0651098 
0.0683843 
0.0709714 
0.0651028 
0.228763 
0.0560819 
0.0560568 
0.0591393 
0.0782238 
0.0563556 
0.0563292 
0.0758982 
0.0594596 
0.497025 
0.0560536 
0.0563808 
0.0610054 
0.0599191 
0.0560764 
0.0593102 
0.0561318 
0.0691471 
0.0561965 
0.0593328 
0.0609198 
0.056808 
0.0596064 
0.0665321 
0.0714475 
0.0560142 
0.0829038 
0.0595354 
0.498959 
0.0567781 
0.063094 
0.0560385 
0.0582876 
0.0566113 
0.0600736 
0.056632 
0.056685 
0.0571782 
0.0724297 
0.0562509 
0.0569676 
0.225254 
0.0619875 
0.0567737 
0.0560164 
0.0745261 
0.0766429 
0.0601879 
0.0588023 
0.0578798 
0.0826713 
0.0560321 
0.0561766 
0.0560025 
0.0562235 
0.0572148 
0.062934 
0.113521 
0.088246 
0.0566903 
0.0661898 
0.0577138 
0.0572754 
0.0563628 
0.0561996 
0.0585463 
0.0565405 
0.056003 
0.0570395 
0.0607512 
0.0568505 
0.0589188 
0.510682 
0.0687913 
0.0561816 
0.0560051 
0.0789834 
0.0568473 
0.0822464 
0.0580791 
0.0567165 
0.0679613 
0.0572581 
0.060938 
0.0695377 
0.0775863 
0.066564 
0.0623893 
0.0568619 
0.0922628 
0.0865863 
0.058172 
0.0682353 
0.0560125 
0.0562776 
0.0573908 
0.49613 
0.0573399 
0.0570395 
0.0572215 
0.0563892 
0.0567098 
0.0725944 
0.0560392 
0.106629 
0.0630007 
0.0565441 
0.381037 
0.0561878 
0.0586649 
0.0579283 
0.0656972 
0.0569077 
0.0585272 
0.0574755 
0.0562571 
0.504334 
0.0624439 
0.0562639 
0.0566452 
0.500353 
0.0588502 
0.0573154 
0.0570806 
0.0629952 
0.0568423 
0.0575117 
0.0564813 
0.0561496 
0.0593637 
0.056174 
0.932583 
0.0640711 
0.0620031 
0.201408 
0.0631676 
0.0562795 
0.50175 
0.0709876 
0.0565131 
0.0592009 
0.05601 
0.0571388 
0.0600424 
0.0560095 
0.056526 
0.0566255 
0.0560104 
0.0586002 
0.0697521 
0.0560589 
0.0598036 
0.0732398 
0.0682327 
0.0845163 
0.0560607 
0.0576452 
0.0568786 
0.0560147 
0.0563814 
0.0593063 
0.0579948 
0.500605 
0.0751248 
0.0561222 
0.0718968 
0.0560072 
0.0582383 
0.0568434 
0.0561368 
0.0645195 
0.0595032 
0.0561002 
0.0586543 
0.0871942 
0.0582125 
0.0585033 
0.0700093 
0.190829 
0.056374 
0.538029 
0.0613333 
0.0561347 
0.0581804 
0.0560661 
0.056564 
0.0791284 
0.058792 
0.0576302 
0.265229 
0.0649621 
0.0776128 
0.0835511 
0.0646708 
0.0618311 
0.0563238 
0.0581679 
0.0593946 
0.0587628 
0.0560156 
0.0596107 
0.0568897 
0.0560756 
0.0938493 
0.0651629 
0.0680564 
0.0566599 
0.162712 
0.0567828 
0.0571072 
0.0560196 
0.0566197 
0.0593495 
0.056062 
0.0567473 
0.0971557 
0.0564156 
0.0560279 
0.0601741 
0.0567145 
0.0605447 
0.0601006 
0.0560208 
0.0967115 
0.056681 
0.0603107 
0.0569655 
0.100124 
0.0696257 
0.0582969 
0.0573554 
0.0564337 
0.0568717 
0.057955 
0.0561549 
0.0585576 
0.0614858 
0.0569979 
0.0608316 
0.0567106 
0.0561097 
0.0596192 
0.123268 
0.0571944 
0.0742068 
0.0560244 
0.0561476 
0.0587463 
0.0692981 
1.74239 
0.0569281 
0.0560104 
0.0569641 
0.0561633 
0.0612362 
0.058265 
0.0829581 
0.506554 
0.0572039 
0.0619977 
0.0567668 
0.0560906 
0.0592775 
0.0560544 
0.056608 
0.0584367 
0.074571 
0.0596228 
0.0626698 
0.133627 
2.12863 
0.0561167 
0.0760079 
0.0568188 
0.0569647 
0.0569175 
0.0620831 
0.0561914 
0.0569093 
0.0573884 
0.517395 
0.056417 
0.0610746 
0.06119 
0.0562144 
0.0568142 
0.0791769 
0.0575073 
0.0586143 
0.253855 
0.0677723 
0.0598425 
0.0566749 
0.0563794 
0.0588235 
0.0575507 
0.0811691 
0.124104 
0.0560474 
0.0574987 
0.079564 
0.0656173 
0.0729061 
0.056538 
0.0567972 
0.0754356 
0.0572377 
0.057264 
0.49967 
0.0574001 
0.0606153 
0.498026 
0.0560018 
0.0742592 
0.0591102 
0.057553 
0.193568 
0.507144 
0.0587415 
0.060897 
0.502682 
0.0560234 
0.0561096 
0.0674366 
0.05714 
0.0774812 
0.0569286 
0.064619 
0.0562517 
0.0592504 
0.0600932 
0.10684 
0.0560294 
0.0610973 
0.128302 
0.0637117 
0.0565804 
0.0560055 
0.0560906 
0.0567691 
0.0560127 
0.0638654 
0.0660968 
0.0586081 
0.0560133 
0.0560879 
0.0800569 
0.0562114 
0.0567937 
0.0571383 
0.0568649 
0.0629053 
0.0656415 
0.0614301 
0.0561212 
0.0821208 
0.0639921 
0.0565989 
0.500305 
0.0562677 
0.0578649 
0.0583174 
0.0629611 
0.0583577 
0.0739062 
0.111245 
0.0565804 
0.0560931 
0.0560104 
0.0562669 
0.0562341 
0.0708689 
0.0595672 
0.0943485 
0.0574937 
0.0602623 
0.0565046 
0.102887 
0.0588637 
0.0608796 
0.0560178 
0.0560052 
0.0560183 
0.117582 
0.0573341 
0.0573377 
0.0563544 
0.514771 
0.0855245 
0.0842732 
0.0683091 
0.0560041 
0.0643019 
0.835916 
0.0759341 
0.0562071 
0.100498 
0.0631891 
0.0565995 
0.0561264 
0.0563443 
0.0627946 
0.0587176 
0.0570167 
0.0734508 
0.0807901 
0.0577859 
0.0583721 
0.0570701 
0.0693486 
0.0560038 
0.0564355 
0.0560477 
0.0620048 
0.0560258 
0.153196 
0.114818 
0.0613772 
0.0607349 
0.0672501 
0.0565962 
0.0569463 
0.06882 
0.0586184 
0.0617197 
0.0587836 
0.0566182 
0.0587054 
0.156849 
0.0593831 
0.0584333 
0.0565905 
0.0580326 
0.0749823 
0.056893 
0.056762 
0.0564433 
0.0562154 
0.0705379 
0.0560049 
0.056041 
0.0601066 
0.0560222 
0.0580557 
0.111007 
0.524539 
0.0590383 
0.0587465 
0.0568691 
0.0795602 
0.0763642 
0.0798869 
0.0598126 
0.501015 
0.0623519 
0.0561066 
0.0565025 
0.0571833 
0.0598213 
0.0720389 
0.0560215 
0.05933 
0.056033 
0.0687549 
0.0763334 
0.0956475 
0.0588884 
0.0589851 
0.0560026 
0.0720172 
0.0560103 
0.514136 
0.0686011 
0.0947449 
0.0565117 
0.0562304 
0.0941272 
0.0591178 
0.0569913 
0.0852703 
0.0560995 
0.0845528 
0.0573383 
0.0577762 
0.0561019 
0.0560247 
0.0583942 
0.0571299 
0.05693 
0.147875 
0.0561809 
0.0623645 
0.0824924 
0.0570521 
0.156327 
0.0565814 
0.0741675 
0.0614157 
0.0560027 
0.0563375 
0.0560154 
0.0562197 
0.0569559 
0.057853 
0.0702006 
0.0600124 
0.0566662 
0.0905856 
0.0617906 
0.0588177 
0.0665649 
0.235165 
0.0561885 
0.0582499 
0.0564003 
0.0662742 
0.056276 
0.0571083 
0.0603601 
0.0560661 
0.0568993 
0.0666383 
0.0670104 
0.0563049 
0.0565679 
0.0647114 
0.0600658 
0.0931347 
0.0597331 
0.0592982 
0.215321 
0.501822 
0.0560037 
0.0638394 
0.056028 
0.0566837 
0.056696 
0.0588331 
0.0785423 
0.0581093 
0.0620802 
0.0673139 
0.0561162 
0.0741978 
0.0671875 
0.0560039 
0.0593993 
0.741517 
0.0561815 
0.0565725 
0.0581843 
0.0625575 
0.0579017 
0.0573461 
0.0568071 
0.0674728 
0.0585443 
0.0591397 
0.0560236 
0.0636149 
0.056002 
0.0561312 
0.0599705 
0.0708394 
0.069316 
0.499498 
0.506363 
0.0561084 
0.0565628 
0.0583687 
0.0633168 
0.0632472 
0.0583778 
0.0592099 
0.0588896 
0.056102 
0.0595282 
0.0570924 
0.0561981 
0.118469 
0.0606804 
0.062482 
0.0572548 
0.0562743 
0.0564637 
0.0567911 
0.0763269 
0.0580292 
0.0569398 
0.07235 
0.0606179 
0.0574673 
0.0565664 
0.0560769 
0.0574181 
0.0567533 
0.0630784 
0.500074 
0.0586321 
0.0667324 
0.0569758 
0.499667 
0.0568663 
0.0560214 
0.0562045 
0.0563236 
0.0574457 
0.0633915 
0.056002 
0.497275 
0.0589599 
0.056464 
0.0566034 
0.0588037 
0.0560025 
0.138479 
0.070745 
0.056862 
0.056307 
0.529172 
0.0626781 
0.0560212 
0.0625147 
0.0638319 
0.073759 
0.498243 
0.0620487 
0.0570376 
0.0573855 
0.0584097 
0.0711972 
0.0567898 
0.0632455 
0.0564652 
0.0572197 
0.0589276 
0.0561586 
0.0598307 
0.0601494 
0.0560837 
0.057482 
0.0588356 
0.0609679 
0.0574383 
0.0562052 
0.0571571 
0.0560686 
0.0571284 
0.0620056 
0.0747644 
0.0562532 
0.084338 
0.0563171 
0.0595591 
0.0572407 
0.0569241 
0.0590851 
0.0692266 
0.0561444 
0.0569112 
0.0648308 
0.0563051 
0.496452 
0.057944 
0.0669583 
0.073689 
0.0560025 
0.0562062 
0.0671729 
0.0560416 
0.0599178 
0.0585548 
0.0567621 
0.0560368 
0.502738 
0.0560715 
0.0569562 
0.0569322 
0.0632867 
0.0566466 
0.0672933 
0.0727914 
0.0610121 
0.0653275 
0.056036 
0.0562594 
0.499684 
0.0562098 
0.50156 
0.0689162 
0.056963 
0.06701 
0.0570101 
0.0571432 
0.0570874 
0.0589703 
0.0835794 
0.0624521 
0.0566842 
0.0977322 
0.0565531 
0.0834125 
0.0561929 
0.056997 
0.0596601 
0.0574467 
0.105773 
0.0560018 
0.0594873 
0.0650128 
0.0628823 
0.056787 
0.0564407 
0.0574846 
0.0590164 
0.075533 
0.0575119 
0.0601998 
0.0569116 
0.0731674 
0.0569491 
0.0565688 
0.0579411 
0.0578055 
0.0577105 
0.0560448 
0.0575429 
0.0567005 
0.505974 
0.0938692 
0.0682325 
0.62845 
0.0827993 
0.0561199 
0.0571267 
0.0563386 
0.0582236 
0.0600163 
0.0574183 
1.08305 
0.0561185 
0.0567254 
0.0625096 
0.0695364 
0.0563108 
0.0712102 
0.0778725 
0.0564841 
0.0625523 
0.0677897 
0.0564163 
0.505011 
0.0560558 
0.0560031 
0.0597015 
0.0563659 
0.0572411 
0.0597613 
0.0598437 
0.0592849 
0.0685307 
0.0615651 
0.0621635 
0.0656741 
0.0596692 
0.0659262 
0.0584163 
0.0625287 
0.0560066 
0.0666159 
0.0706572 
0.0646372 
0.11623 
0.0562495 
0.0578014 
0.0578566 
0.0578851 
0.0577361 
0.498824 
0.0564914 
0.243933 
0.0560522 
0.0714457 
0.0569842 
0.0912847 
0.0671678 
0.0560374 
1.20651 
0.0563798 
0.0849914 
0.0573221 
0.0597894 
0.0647699 
0.0837089 
0.0560488 
0.0560028 
0.0619105 
0.0885498 
0.0560449 
0.178539 
0.0560639 
0.0863953 
0.0571363 
0.0567563 
0.0620417 
0.059674 
0.0739722 
0.0564473 
0.0560607 
0.0562062 
1.32987 
0.082537 
0.0560391 
0.0569466 
0.0564809 
0.0561334 
0.0560077 
0.0562469 
0.0598528 
0.0566702 
0.0562446 
0.0583934 
0.0707158 
0.0562309 
0.0563525 
0.0575106 
0.0625889 
0.0562164 
0.0584822 
0.0560016 
0.0923075 
0.0565312 
0.0560737 
0.056058 
0.0560017 
0.0674061 
0.0585021 
0.502851 
0.0680863 
0.0644743 
0.0597812 
0.0652572 
0.142885 
0.057242 
0.0581979 
0.0659888 
0.495737 
0.0575487 
0.0571753 
0.0687 
0.0560694 
0.06026 
0.0565307 
0.062337 
0.0560184 
0.067557 
0.535018 
0.0679924 
0.0627262 
0.0560196 
0.0561282 
0.0617816 
0.0561898 
0.0576068 
0.0579139 
0.0570174 
0.498663 
0.0584533 
0.495881 
0.0631872 
0.0603745 
0.0586 
0.0564567 
0.0592383 
0.0739717 
0.0560743 
0.0584776 
0.058514 
0.0666179 
0.0754468 
0.0797121 
0.634789 
0.0760992 
0.0810769 
0.0602656 
0.0623858 
0.496239 
0.056166 
0.068792 
0.0720259 
0.0579233 
0.0675758 
0.497807 
0.0560026 
0.0571783 
0.0568631 
0.056003 
0.0696655 
0.0560524 
0.0566634 
0.0650424 
0.0571687 
0.0583391 
0.0871252 
0.0715796 
0.084712 
0.0560066 
0.065621 
0.0692867 
0.0568473 
0.060309 
0.0560801 
0.056002 
0.0570598 
0.0637151 
0.0646811 
0.0570045 
0.0905527 
0.0640864 
0.0571426 
0.0591331 
0.0628797 
0.0616382 
0.0560279 
0.0560808 
0.0653249 
0.060371 
0.0562726 
0.0612828 
0.0634586 
0.057159 
0.0576547 
0.0612867 
0.0633413 
0.0565514 
0.0588993 
0.0560844 
0.0599834 
0.0580969 
0.0602043 
0.0590375 
0.0589104 
0.0582815 
0.0711842 
0.0596413 
0.0561416 
0.0582569 
0.499329 
0.0631636 
0.0561646 
0.0568962 
0.0608354 
0.061492 
0.0584493 
0.0572993 
0.0580005 
0.0611255 
0.0602734 
0.212496 
0.0610767 
0.0590353 
0.0628402 
0.0560027 
0.0564527 
0.0560123 
0.0581348 
0.0564744 
0.0607183 
0.0564718 
0.0561409 
0.0562886 
0.0631425 
0.0560023 
0.0564315 
0.0564606 
0.0712389 
0.0612329 
0.0560488 
0.056162 
0.061313 
0.702194 
0.499908 
0.0591348 
0.0677952 
0.109969 
0.0562109 
0.0836006 
0.0563502 
0.0684267 
0.0613656 
0.0667214 
0.0575542 
0.05943 
0.080248 
0.0582479 
0.0667413 
0.0562624 
0.0634062 
0.0694839 
0.0563856 
0.0685433 
0.060068 
0.0562442 
0.0642308 
0.05721 
0.0560577 
0.0562459 
0.0566659 
0.0668742 
0.0567343 
0.056035 
0.0561276 
0.0560879 
0.0646219 
0.0560904 
0.0560225 
0.0564613 
0.0562625 
0.0589816 
0.056362 
0.0591008 
0.0657113 
0.0564544 
0.074527 
0.060528 
0.0567169 
0.058567 
0.0597141 
0.0562598 
0.0560245 
0.0565664 
0.0720847 
0.0660181 
0.0589514 
0.0611968 
0.0631601 
0.0604118 
0.0562556 
0.0572839 
0.0588239 
0.0564502 
0.0580503 
0.0567814 
0.0596079 
0.0561648 
0.0572357 
0.0563388 
0.0572004 
0.0572044 
0.105997 
0.0571293 
0.0572842 
0.0607092 
0.0569245 
0.0561161 
0.0560401 
0.0986738 
0.0563063 
0.0618607 
0.0800183 
0.0614924 
0.0718938 
0.0561012 
0.0615462 
0.0650818 
0.0586992 
0.0753438 
0.0561042 
0.0621412 
0.0565031 
0.0572455 
0.0582239 
0.056173 
0.0597863 
0.0602954 
0.0694926 
0.0876398 
0.0579328 
0.0569008 
0.510299 
0.0793901 
0.0563079 
0.138599 
0.0574773 
0.0682642 
2.91478 
0.0561379 
0.0570274 
1.97163 
0.133527 
0.0655649 
0.0665589 
0.0565919 
0.0595853 
0.0648766 
0.126254 
0.0565894 
0.0571005 
0.0568786 
0.0677222 
0.973599 
0.0562087 
0.0580383 
0.0719066 
0.0595878 
0.0625173 
0.0560021 
0.0585751 
0.05799 
0.0560023 
0.0574441 
0.498521 
0.0560551 
0.0600933 
0.0591462 
0.0613841 
0.117858 
0.0573392 
0.0560018 
0.0576106 
0.070074 
0.0582751 
0.057013 
0.0719951 
0.0636307 
0.0560513 
0.0823787 
0.0592176 
0.950897 
0.0573497 
0.107252 
0.0712581 
0.501201 
0.060203 
0.0644029 
0.0560282 
0.0564261 
0.0562117 
0.0706686 
0.0574016 
0.0649667 
0.0560016 
0.0657193 
0.0560105 
0.0560676 
0.0593168 
0.0563751 
0.0602321 
0.0812021 
0.0612067 
0.111293 
0.0575124 
0.0742671 
0.0564572 
0.0597838 
0.200843 
0.056813 
0.0570132 
0.0740171 
0.0595628 
0.0610173 
0.505113 
0.0576353 
0.0615831 
0.0608793 
0.0896988 
0.0832782 
0.0561628 
0.0561109 
0.058685 
0.0582048 
0.0560927 
0.115745 
0.0570793 
0.0560155 
0.0560819 
0.057845 
0.0765895 
0.0586231 
0.0671752 
0.348026 
0.0586729 
0.0642639 
0.0653375 
0.0561208 
0.0706913 
0.0565241 
0.0646675 
0.0567215 
0.0667481 
0.0575852 
0.0560501 
0.104195 
0.0561092 
0.0565103 
0.0571566 
0.05688 
0.0627629 
0.0567054 
0.0597897 
0.0561299 
0.0657951 
0.0564929 
0.0561006 
0.0586831 
0.0563039 
0.0804198 
0.0763192 
0.0566897 
0.156478 
0.0639837 
0.0562093 
0.0861377 
0.0909148 
0.0564552 
0.0931696 
0.0622424 
0.0566001 
0.0567549 
0.0603175 
0.0561254 
0.0773945 
0.0576977 
0.0562478 
0.0562438 
0.0561662 
0.0629678 
0.064937 
0.510964 
0.0561714 
0.109157 
0.0561858 
0.0560341 
2.35904 
0.0611344 
0.0597724 
0.0641641 
0.0657833 
0.0560074 
1.00758 
0.0592247 
0.509394 
0.0599994 
0.0560243 
0.0579589 
0.0569956 
0.0560405 
0.0565969 
0.0566949 
0.078383 
0.0583361 
0.0577536 
0.0561792 
0.0592844 
1.35103 
0.0581113 
0.111823 
0.0560484 
0.0701446 
0.0561732 
0.0582983 
0.0814196 
0.0563206 
0.0660033 
0.0561208 
0.0732318 
0.0656151 
0.0587202 
0.0561252 
0.100054 
0.0562813 
0.0939579 
0.0731086 
0.0563673 
0.0595334 
0.056034 
0.056787 
0.0560936 
0.0850266 
0.0823476 
0.542964 
0.504003 
0.0750128 
0.0578677 
0.0663547 
0.0560023 
0.0570805 
0.0571146 
0.0561724 
0.0571276 
0.063452 
0.508343 
0.0594115 
0.0623885 
0.0576964 
0.0701727 
0.0568555 
0.0560987 
0.0560069 
0.0892539 
0.0657823 
0.0611113 
0.0641598 
0.0772388 
0.0606242 
0.060209 
0.502725 
0.0591743 
0.056117 
0.0574814 
0.0562509 
0.0580222 
0.0560205 
0.0586584 
0.0564776 
0.496781 
0.0572366 
0.0560044 
0.0563285 
0.0570256 
0.107026 
0.0596052 
0.0567329 
0.0594593 
0.0565571 
0.552954 
2.26607 
0.0582316 
0.0560373 
0.0562326 
0.0560101 
0.0560404 
0.105974 
0.0568698 
0.0579851 
0.0560166 
0.0603035 
0.107204 
0.541619 
0.0677183 
0.0576405 
0.50716 
0.0602605 
0.0566856 
0.684046 
0.0579786 
0.0560676 
0.122879 
0.52283 
0.501002 
0.0560286 
0.0593183 
0.0826443 
0.0565648 
0.0561923 
0.500443 
0.106241 
0.0622433 
0.0560187 
0.0821524 
0.0576876 
0.130192 
0.0564075 
0.0560117 
0.0589438 
0.0560879 
0.0589285 
0.0580076 
0.0646553 
0.0568268 
0.0618731 
0.0565939 
0.0569212 
0.0714464 
0.0634347 
0.05616 
0.0563533 
0.057486 
0.0560811 
0.0560015 
0.0798093 
0.0627234 
0.0844062 
0.0591098 
0.503212 
0.0567825 
0.0667586 
0.056118 
0.0561771 
0.059385 
0.0939772 
0.0562019 
0.0581966 
0.0851211 
0.0581198 
0.0563659 
0.0571919 
0.0627366 
0.0563861 
0.0600189 
0.492766 
0.0576487 
0.0632396 
0.0564741 
0.0661505 
0.062424 
0.056026 
0.512202 
0.0874893 
0.0620954 
0.0567495 
0.0561035 
0.0563578 
0.0577866 
0.0590155 
0.0574824 
0.0563586 
0.0576894 
0.0642305 
0.101769 
0.0560133 
0.057815 
0.0905803 
0.0581471 
0.0564159 
0.125922 
0.0587775 
0.0560343 
0.0576646 
0.0604001 
0.0570718 
0.0560062 
0.0606437 
0.0582967 
0.0561941 
0.0568025 
0.0580171 
0.0564211 
0.0582332 
0.0561571 
0.0876483 
0.0564132 
0.0721972 
0.0560696 
0.0560482 
0.0923412 
0.0589784 
0.0663521 
0.0598573 
0.0905258 
0.0560169 
0.06804 
0.499629 
0.0561743 
0.0652763 
0.0671037 
0.161965 
0.0569216 
0.0581346 
0.0564013 
0.0562643 
0.0580415 
0.0684954 
0.068387 
0.0561141 
0.0596502 
0.0890097 
0.0586369 
0.0579067 
0.498112 
0.0875998 
0.0568461 
0.0612337 
0.146133 
0.0562505 
0.0584629 
0.0819593 
0.0576153 
0.0637183 
0.0562021 
0.0662833 
0.0563036 
0.0585966 
0.0588823 
0.07289 
0.116328 
0.0575409 
0.0703064 
0.058214 
0.602649 
0.0662503 
0.0561099 
0.0697414 
0.0568198 
0.0664067 
0.0596839 
0.058644 
0.580897 
0.0783644 
0.0580758 
0.0560265 
0.057176 
0.056076 
0.0560593 
0.502167 
0.0580372 
0.0573377 
0.0560242 
0.0822277 
0.057788 
0.0563458 
0.500105 
0.056069 
0.0687773 
0.0580979 
0.05685 
0.0563788 
0.0577344 
0.0586431 
0.0622829 
0.0563337 
0.0987335 
0.0617951 
0.0573631 
0.0573498 
0.0571832 
0.0589368 
0.0588402 
0.06457 
0.0575814 
0.0560559 
0.0560842 
0.0560102 
0.0744237 
0.0560256 
0.0572403 
0.0560509 
0.0576472 
0.0560977 
0.0566787 
0.0560087 
0.070255 
0.0631293 
0.0644085 
0.0606178 
0.0568149 
0.500925 
0.0560148 
0.0572974 
0.0646902 
0.0563314 
0.254883 
0.0560028 
0.0560017 
0.0561503 
0.0560015 
0.0567575 
0.0560709 
0.504401 
0.0578509 
0.0579548 
0.0580234 
0.0615045 
1.29485 
0.0572372 
0.0575866 
0.057335 
0.0623812 
0.0588593 
0.0590283 
0.0609214 
0.0561978 
0.0561695 
0.056319 
0.0565831 
0.058922 
0.0687895 
0.0677196 
0.0695069 
0.0561993 
0.0707067 
0.0592235 
0.0561595 
0.0845423 
0.0623876 
0.056995 
0.0563709 
0.0664372 
0.0560497 
0.115513 
0.0596586 
0.0655873 
0.058687 
0.0694346 
0.057357 
0.513605 
0.0596811 
0.158983 
0.0561112 
0.113842 
0.0560112 
0.0586612 
0.0570294 
0.0577194 
0.0562262 
0.0577148 
0.0561894 
0.0568134 
0.0564581 
0.0560494 
0.0740662 
0.0561224 
0.0601139 
0.0590984 
0.0680423 
0.0565692 
0.056114 
0.056993 
0.0570355 
0.0573874 
0.0972593 
0.0566201 
0.0600386 
0.0567091 
0.0596342 
0.0567289 
0.0560135 
0.0841785 
0.0567481 
0.106619 
0.0566878 
0.0560548 
0.0584904 
0.0584146 
0.0615599 
0.0564584 
0.058791 
0.0603385 
0.0588068 
0.0603326 
0.0562564 
0.0569582 
0.0560284 
0.0560073 
0.0573461 
0.0562958 
0.0565236 
0.509597 
0.0567603 
0.0562226 
0.0560332 
0.0577063 
0.0620147 
0.0621524 
0.0560631 
0.0588163 
0.0560665 
0.0578456 
0.0590648 
0.0567445 
0.0873545 
0.0561757 
0.0623025 
0.0705284 
0.0570093 
0.0560392 
0.0561342 
0.500046 
0.066624 
0.071954 
0.0630637 
0.0562603 
0.0561935 
0.0560022 
0.0740361 
0.056572 
0.0574961 
0.0779391 
0.0565912 
0.0650142 
0.0561089 
0.0579503 
0.0626308 
0.0686552 
0.0587008 
0.0560246 
0.0576075 
0.0560984 
0.0960863 
0.058075 
0.056004 
0.0567761 
0.0597259 
0.0656975 
0.0577432 
0.0564291 
0.0562117 
0.0563003 
0.0589206 
0.500946 
0.0620677 
0.061216 
0.519461 
0.0666557 
0.0649355 
0.0572249 
0.0580936 
0.0799207 
0.540676 
0.0679374 
0.0598141 
0.0581367 
0.0596961 
0.0786394 
0.0634793 
0.0638391 
0.110375 
0.0565985 
0.0568884 
0.0681632 
0.0564035 
0.0560478 
0.056512 
0.0560844 
0.0823654 
0.502794 
0.0588484 
0.0560658 
0.0689295 
0.057003 
0.0567433 
0.0566682 
0.0600473 
0.0560575 
0.0577499 
0.0722024 
0.0681212 
0.0561608 
0.064143 
0.0564603 
0.0593677 
0.0574658 
0.0560838 
0.0593024 
0.063134 
0.0570054 
0.0571826 
0.0564344 
0.0602709 
0.0561718 
0.0560072 
0.0564143 
0.0728125 
0.190242 
0.0744436 
0.501475 
0.0856422 
0.514468 
0.0560435 
0.0619576 
0.0635185 
0.0690745 
0.0578858 
0.0575403 
0.0597734 
0.0561906 
0.0639879 
0.0595824 
0.0692403 
0.0582739 
0.0741568 
0.0721278 
0.0607763 
0.068506 
0.0657588 
0.0561544 
0.0562445 
0.0575661 
0.0594175 
0.0598601 
0.0563206 
0.500785 
0.0669194 
0.056192 
0.0603884 
0.0560072 
0.0560016 
0.498122 
0.0575725 
0.0581903 
0.597448 
0.0604541 
0.0850629 
0.56539 
0.111642 
0.0568525 
0.056005 
0.0571184 
0.0588234 
0.0560176 
0.0563631 
0.0674636 
0.0560025 
0.0568678 
0.056022 
0.0561528 
0.0560654 
0.0600234 
0.0560216 
0.0671105 
0.0564666 
0.296977 
0.056027 
0.0563632 
0.0577231 
0.0627572 
0.0574668 
0.0580181 
0.0614656 
0.0560639 
0.0750498 
0.0747155 
0.1079 
0.0575934 
0.0574107 
0.500007 
0.0690135 
0.059183 
0.079054 
0.153865 
0.0594855 
0.0560508 
0.0578185 
0.103115 
0.0784852 
0.075217 
0.0560639 
0.0569597 
0.0562946 
0.0563017 
0.0571612 
0.0660116 
0.0679801 
0.0564971 
0.0565331 
0.499473 
0.0572319 
0.0569059 
0.0564142 
0.0696382 
0.057447 
0.0576591 
0.0756372 
0.694911 
0.123252 
0.0562798 
0.0615629 
0.0634712 
0.056404 
0.0997401 
0.0578423 
0.0562573 
0.0560573 
0.0594434 
0.495218 
0.0631737 
0.112985 
0.0595499 
0.0613281 
0.0562044 
0.127859 
0.0564362 
0.0580385 
0.0633962 
0.0741215 
0.0614256 
0.0566656 
0.0611925 
0.0615992 
0.0561876 
0.0578225 
0.0593247 
0.573543 
0.0611082 
0.0849584 
0.0578766 
0.056924 
0.0600044 
0.0607937 
0.0593908 
0.0628656 
0.0661247 
0.503963 
0.056049 
0.129041 
0.0565998 
0.159089 
0.059836 
0.056018 
0.0566521 
0.0630876 
0.0560223 
0.0602148 
0.0952044 
0.0574473 
0.0679197 
0.0560231 
0.0569917 
0.0611382 
0.822551 
0.118235 
0.095804 
0.0578012 
0.0762509 
0.0835107 
0.0577204 
0.0565565 
0.0711562 
0.510556 
0.05616 
0.0610631 
0.0573331 
0.507559 
0.0569467 
0.0676496 
0.0589157 
0.0560812 
0.0577766 
0.0562044 
0.0570762 
0.0572637 
0.0602492 
0.059247 
0.0579762 
0.0826388 
0.0600002 
0.0580132 
0.0627631 
0.0562419 
0.0567661 
0.0564677 
0.0562543 
0.0773265 
0.0564058 
0.0802719 
0.0619103 
0.0560883 
0.0573996 
0.0710289 
0.0560713 
0.0688155 
0.0597061 
0.0597138 
0.0570961 
0.0592208 
0.0569916 
0.0595246 
0.057055 
0.0560481 
0.0560287 
0.103972 
0.0644194 
0.0575077 
0.0595466 
0.0604749 
0.0568955 
0.056229 
0.0691246 
0.0568517 
0.0561468 
0.0560042 
0.058528 
0.0569434 
0.0637924 
0.056006 
0.0560885 
0.108511 
0.0598071 
0.0573362 
0.0596937 
0.0574905 
0.0577717 
0.0560285 
0.0563606 
0.0640419 
0.0572565 
0.639766 
0.506864 
0.0582951 
0.0575343 
0.0626188 
0.084304 
0.0560447 
0.062879 
0.0645678 
0.0568395 
0.125461 
0.056283 
0.50576 
0.093227 
0.0561443 
0.0560021 
0.504191 
0.0750663 
0.50709 
0.0703472 
0.0565217 
0.0690053 
0.0638914 
0.0585041 
0.0560057 
0.0634013 
0.0607167 
0.0619189 
0.0580956 
0.0679809 
0.0615499 
0.0679112 
0.0561067 
0.0566373 
0.056497 
0.0948848 
0.517223 
0.0581584 
0.0572344 
0.506591 
0.0561024 
0.0955496 
0.0560387 
0.0567119 
0.0560018 
0.057985 
0.0593213 
0.507524 
0.056806 
0.0565529 
0.056862 
0.0563541 
0.0777483 
0.0564229 
0.0608215 
0.0599165 
0.504719 
0.0600902 
0.0569243 
0.0910244 
0.0561734 
0.064921 
0.0627006 
0.0590455 
0.0560339 
0.0563082 
0.0570917 
0.0714938 
0.0609515 
0.0582393 
0.512968 
0.0562556 
0.0566372 
0.0631479 
0.060944 
0.0655461 
0.0693322 
0.0661344 
0.0592534 
0.0563782 
0.0576434 
0.0575211 
0.0564388 
0.0560831 
0.0589097 
0.060163 
0.0570321 
0.0680744 
0.093528 
0.508528 
0.0561285 
0.0671341 
0.0561386 
0.0567897 
0.056465 
0.0561859 
0.0586814 
0.0561444 
0.0560171 
0.0615825 
0.065607 
0.059659 
0.0581691 
0.0597817 
0.0592541 
0.0590865 
0.0629741 
0.0567713 
0.0585189 
0.0584654 
0.0589036 
0.0561111 
0.0590229 
0.0579271 
0.059667 
0.0601275 
0.0579016 
0.0660064 
0.0561251 
0.0643979 
0.0689429 
0.0560722 
0.0573857 
0.0560205 
0.0574988 
0.0563176 
0.0585223 
0.596063 
0.0956127 
0.0562723 
0.0560161 
0.0561323 
0.0560047 
0.058669 
0.0567818 
0.0581771 
0.0705835 
0.0564221 
0.056245 
0.0575856 
0.0566146 
0.0566539 
0.097088 
0.0740692 
0.05676 
0.0585518 
0.0896865 
0.0574382 
0.0560018 
0.0582583 
0.0567294 
0.0568962 
0.0560138 
0.0560299 
0.0705901 
0.0581882 
0.0676325 
0.51226 
0.0573912 
0.0561677 
0.0567104 
0.0594082 
0.0584488 
0.0639376 
0.50318 
0.505193 
0.0683314 
0.101772 
0.0576047 
0.0590825 
0.0630583 
0.0644145 
0.0560484 
0.0613405 
0.501336 
0.0582201 
0.0560216 
0.0569733 
0.193005 
0.0568912 
0.0728348 
0.0588965 
0.0636398 
0.0580996 
0.0621232 
0.0568818 
1.5705 
0.070196 
0.0594414 
0.0560038 
0.0919073 
0.059027 
0.0695611 
0.0796713 
0.0613665 
0.0577738 
0.0571419 
0.0718159 
0.0602343 
0.0626176 
0.05944 
0.0562274 
0.0827309 
0.0560067 
0.0693964 
0.0621958 
0.0562577 
0.0658303 
0.103238 
0.0567424 
0.0646137 
0.0603191 
0.0629537 
0.0561578 
0.0570212 
0.512111 
0.0701277 
0.0576783 
0.0604398 
0.0577197 
0.074068 
0.0584011 
0.0568134 
0.0587755 
0.0570622 
0.0602878 
0.05605 
0.500792 
0.0566357 
0.0566399 
0.0573676 
0.0561772 
0.0582123 
0.059201 
1.68957 
0.106982 
0.0589785 
0.0570215 
0.0599283 
0.0753787 
0.05767 
0.0609378 
0.0560017 
0.0560221 
0.0570644 
0.0564382 
0.0566314 
0.0584103 
0.0683885 
0.0561179 
0.0574765 
0.0622549 
0.202555 
0.0564392 
0.0564367 
0.507899 
0.0560023 
0.500394 
0.0563642 
0.0735401 
0.0600685 
0.0563354 
0.0586372 
0.0759005 
0.0568596 
0.0560164 
0.0930014 
0.0589206 
0.0596547 
0.0684195 
0.0602147 
0.0560757 
0.0560413 
0.617899 
0.0770409 
0.104346 
0.0577945 
0.0589544 
0.0577694 
0.0594327 
0.056333 
0.0563306 
0.0580688 
0.104959 
0.0685155 
0.0736708 
0.108407 
0.0577769 
0.0625401 
0.0569454 
0.0560016 
0.0787172 
0.0623497 
0.0571725 
0.0582399 
0.0636475 
0.0606798 
0.0565366 
0.0612122 
0.0564216 
0.0560846 
0.0571843 
0.0561165 
0.0683494 
0.0573331 
0.0697213 
0.0562803 
0.0628371 
0.0579137 
0.0579232 
0.0633319 
0.0867184 
0.0568668 
0.0561842 
0.0641135 
0.0560059 
0.143449 
0.0611616 
0.0873835 
0.514781 
0.0603127 
0.0560098 
0.0821699 
0.0635169 
0.0572868 
0.0679987 
0.0580642 
0.0561532 
0.0720265 
0.0566104 
0.0597204 
0.0561384 
0.0561174 
0.057305 
0.0576978 
0.0601088 
0.0636627 
0.0587523 
0.0568413 
0.0560317 
0.120381 
0.0702413 
0.0854266 
0.0586604 
0.0576145 
0.0620126 
0.0578127 
0.121085 
0.0772974 
0.0594458 
0.0560256 
0.1657 
0.060781 
0.0702842 
0.0562844 
0.0578402 
0.0565443 
0.0730128 
0.0694389 
0.108819 
0.0590042 
0.0560445 
0.0560015 
0.0561091 
0.063131 
0.0562347 
0.062005 
0.0560873 
0.0562234 
0.0563533 
0.0649239 
0.0560425 
0.0576403 
0.0570359 
0.0562659 
0.0633811 
0.0650614 
0.062429 
0.0842272 
0.0905591 
0.0573381 
0.069864 
0.0566702 
0.0573871 
0.0565992 
0.0564276 
0.056474 
0.0567616 
0.0715001 
0.0576711 
0.0590345 
0.0595977 
0.0577407 
0.056003 
0.0612018 
0.0560584 
0.0707615 
0.0603906 
0.0583023 
0.791308 
0.0569736 
0.0561668 
0.0564641 
0.0571345 
0.0561773 
0.0608322 
0.533209 
0.0560358 
0.51887 
0.104013 
0.510861 
0.0959732 
0.0681514 
1.63411 
0.0572686 
0.0703549 
0.0563618 
0.0721724 
0.0589108 
0.0567656 
0.0560063 
0.0580056 
0.502508 
0.0567336 
0.0567234 
0.0684905 
0.0603801 
0.0770605 
0.066119 
0.0564087 
0.0608745 
0.0678283 
0.0676072 
0.0681232 
0.0597047 
0.0723506 
0.0584412 
0.0840125 
0.0597308 
0.0567181 
0.0604909 
0.0599471 
0.0581888 
0.058037 
0.251768 
0.0577412 
0.0624265 
0.058397 
0.196761 
0.0562848 
0.0571052 
0.0594814 
0.0563384 
0.0586634 
0.0606741 
0.0595172 
0.0560343 
0.0584179 
0.0766186 
0.0563643 
0.0565451 
0.0566631 
0.0618527 
0.0565198 
0.0572236 
0.0604618 
0.0579741 
0.0585158 
0.0582732 
0.0561875 
0.0571284 
0.0560184 
0.0594244 
0.0587126 
0.0657971 
0.0583905 
0.0565683 
0.0568307 
1.08087 
0.0569497 
0.0568544 
0.0900361 
0.0566143 
0.0582113 
0.056855 
0.0608325 
0.118434 
0.0568283 
0.0578804 
0.0595288 
0.0573118 
0.0577901 
0.0600084 
0.0564447 
0.0579391 
0.661393 
0.0560059 
0.0617212 
0.0604843 
0.058614 
0.0562749 
0.505959 
0.0620989 
0.0561299 
0.0560172 
0.0595972 
0.0570602 
0.066158 
0.983119 
0.0614604 
0.0563999 
0.0571278 
0.0632184 
0.0578867 
0.0564704 
0.0561352 
0.0725807 
0.0644719 
0.0694741 
0.0573593 
0.172318 
0.0576078 
0.0580191 
0.0660713 
0.0633364 
0.0764301 
0.123736 
0.0572728 
0.0635012 
0.0561926 
0.0572457 
0.669479 
0.0572162 
0.0582269 
0.0564496 
0.0624889 
0.0563015 
0.0569017 
0.059355 
0.0604533 
0.0561403 
0.0566752 
0.06403 
0.0606546 
0.0589576 
0.0560543 
0.0585248 
0.0577712 
0.0838321 
0.0563746 
0.127327 
0.0562142 
0.0621201 
0.056751 
0.0690568 
0.056031 
0.0569071 
0.0561233 
0.0612373 
0.0612454 
0.0560681 
0.0643957 
0.061127 
0.0728482 
0.505199 
0.0603173 
0.0561127 
0.0633846 
0.908046 
0.0599014 
0.060239 
0.0900572 
0.0636978 
0.0646859 
0.120699 
0.0645932 
0.0570218 
0.0568261 
0.0733941 
0.0784863 
0.0574365 
0.0566507 
0.0563483 
0.639552 
0.0561648 
0.0561303 
0.0899129 
0.0571447 
0.494325 
0.0913478 
0.0616998 
0.0570936 
0.49491 
0.056187 
0.0566478 
0.056106 
0.0566885 
0.0588395 
0.0812688 
0.0592098 
0.0562006 
0.0564332 
0.0587346 
0.0623305 
0.0560017 
0.0566589 
0.0778199 
